 0.0000000000	 1.2000000000
 1.0000000000	 1.0858049014
 2.0000000000	 0.9824769035
 3.0000000000	 0.8889818646
 4.0000000000	 0.8043840550
 5.0000000000	 0.7278367916
 6.0000000000	 0.6585739634
 7.0000000000	 0.5959023645
 8.0000000000	 0.5391947568
 9.0000000000	 0.4878835916
 10.0000000000	 0.4414553294
 11.0000000000	 0.3994453003
 12.0000000000	 0.3614330543
 13.0000000000	 0.3270381515
 14.0000000000	 0.2959163567
 15.0000000000	 0.2677561921
 16.0000000000	 0.2422758216
 17.0000000000	 0.2192202287
 18.0000000000	 0.1983586659
 19.0000000000	 0.1794823429
 20.0000000000	 0.1624023399
 21.0000000000	 0.1469477139
 22.0000000000	 0.1329638161
 23.0000000000	 0.1668317005
 24.0000000000	 0.2337690954
 25.0000000000	 0.3288730941
 26.0000000000	 0.4325059305
 27.0000000000	 0.5272280525
 28.0000000000	 0.6053946433
 29.0000000000	 0.6658217492
 30.0000000000	 0.7099177809
 31.0000000000	 0.7398107116
 32.0000000000	 0.7576584385
 33.0000000000	 0.7654341199
 34.0000000000	 0.7648768033
 35.0000000000	 0.7574966292
 36.0000000000	 0.7445953990
 37.0000000000	 0.7272900598
 38.0000000000	 0.7065354962
 39.0000000000	 0.6831448199
 40.0000000000	 0.6578077608
 41.0000000000	 0.6311065325
 42.0000000000	 0.6035300647
 43.0000000000	 0.5754870134
 44.0000000000	 0.5473154114
 45.0000000000	 0.5233450786
 46.0000000000	 0.5112261920
 47.0000000000	 0.5159595196
 48.0000000000	 0.5395034553
 49.0000000000	 0.5797987757
 50.0000000000	 0.6324019682
 51.0000000000	 0.6921783188
 52.0000000000	 0.7543741778
 53.0000000000	 0.8153462760
 54.0000000000	 0.8728562168
 55.0000000000	 0.9258631078
 56.0000000000	 0.9740506420
 57.0000000000	 1.0173778203
 58.0000000000	 1.0557988515
 59.0000000000	 1.0891616322
 60.0000000000	 1.1172295054
 61.0000000000	 1.1397589173
 62.0000000000	 1.1565787873
 63.0000000000	 1.1676419695
 64.0000000000	 1.1730417936
 65.0000000000	 1.1730010305
 66.0000000000	 1.1678454892
 67.0000000000	 1.1582195342
 68.0000000000	 1.1460702636
 69.0000000000	 1.1343487967
 70.0000000000	 1.1264231826
 71.0000000000	 1.1252531836
 72.0000000000	 1.1326686037
 73.0000000000	 1.1488625989
 74.0000000000	 1.1718986051
 75.0000000000	 1.1973447202
 76.0000000000	 1.2187369251
 77.0000000000	 1.2294473747
 78.0000000000	 1.2251387358
 79.0000000000	 1.2050081606
 80.0000000000	 1.1711886610
 81.0000000000	 1.1272692675
 82.0000000000	 1.0770246040
 83.0000000000	 1.0237482666
 84.0000000000	 0.9700443325
 85.0000000000	 0.9178710777
 86.0000000000	 0.8686731003
 87.0000000000	 0.8235404649
 88.0000000000	 0.7833329661
 89.0000000000	 0.7487792416
 90.0000000000	 0.7203473637
 91.0000000000	 0.6979158226
 92.0000000000	 0.6804818533
 93.0000000000	 0.6660875388
 94.0000000000	 0.6521478307
 95.0000000000	 0.6361341791
 96.0000000000	 0.6163866461
 97.0000000000	 0.5927028617
 98.0000000000	 0.5663433077
 99.0000000000	 0.5394817388
 100.0000000000	 0.5146081729
 101.0000000000	 0.4943083177
 102.0000000000	 0.4814116799
 103.0000000000	 0.4792067869
 104.0000000000	 0.4912958746
 105.0000000000	 0.5206017414
 106.0000000000	 0.5675246942
 107.0000000000	 0.6285544779
 108.0000000000	 0.6971032874
 109.0000000000	 0.7661833160
 110.0000000000	 0.8306456432
 111.0000000000	 0.8877898913
 112.0000000000	 0.9368822596
 113.0000000000	 0.9783859959
 114.0000000000	 1.0132774306
 115.0000000000	 1.0425419691
 116.0000000000	 1.0668556834
 117.0000000000	 1.0864549362
 118.0000000000	 1.1011880736
 119.0000000000	 1.1107227319
 120.0000000000	 1.1148332879
 121.0000000000	 1.1136402302
 122.0000000000	 1.1077164868
 123.0000000000	 1.0980866984
 124.0000000000	 1.0862098038
 125.0000000000	 1.0739984763
 126.0000000000	 1.0638496174
 127.0000000000	 1.0585626477
 128.0000000000	 1.0609522852
 129.0000000000	 1.0730446125
 130.0000000000	 1.0949959215
 131.0000000000	 1.1240488545
 132.0000000000	 1.1542505349
 133.0000000000	 1.1780578792
 134.0000000000	 1.1895296564
 135.0000000000	 1.1864623777
 136.0000000000	 1.1699700427
 137.0000000000	 1.1428180604
 138.0000000000	 1.1081172782
 139.0000000000	 1.0687375007
 140.0000000000	 1.0271775829
 141.0000000000	 0.9855821849
 142.0000000000	 0.9457898349
 143.0000000000	 0.9093532475
 144.0000000000	 0.8775336866
 145.0000000000	 0.8512800395
 146.0000000000	 0.8311494009
 147.0000000000	 0.8171533746
 148.0000000000	 0.8085515872
 149.0000000000	 0.8036622063
 150.0000000000	 0.7998292430
 151.0000000000	 0.7937158783
 152.0000000000	 0.7820690912
 153.0000000000	 0.7629109901
 154.0000000000	 0.7365603634
 155.0000000000	 0.7055236095
 156.0000000000	 0.6732890671
 157.0000000000	 0.6432259382
 158.0000000000	 0.6182612267
 159.0000000000	 0.6010451197
 160.0000000000	 0.5941231950
 161.0000000000	 0.5998174277
 162.0000000000	 0.6196617519
 163.0000000000	 0.6535576659
 164.0000000000	 0.6992493781
 165.0000000000	 0.7527491721
 166.0000000000	 0.8095816782
 167.0000000000	 0.8660065373
 168.0000000000	 0.9195877981
 169.0000000000	 0.9691304522
 170.0000000000	 1.0143117856
 171.0000000000	 1.0552796932
 172.0000000000	 1.0923582198
 173.0000000000	 1.1258767972
 174.0000000000	 1.1560369295
 175.0000000000	 1.1827087221
 176.0000000000	 1.2052591320
 177.0000000000	 1.2227343665
 178.0000000000	 1.2344063432
 179.0000000000	 1.2402287280
 180.0000000000	 1.2409321457
 181.0000000000	 1.2378964610
 182.0000000000	 1.2329919630
 183.0000000000	 1.2284335496
 184.0000000000	 1.2265779159
 185.0000000000	 1.2295528319
 186.0000000000	 1.2386350308
 187.0000000000	 1.2534163368
 188.0000000000	 1.2710059056
 189.0000000000	 1.2859465978
 190.0000000000	 1.2916884305
 191.0000000000	 1.2832557253
 192.0000000000	 1.2590991471
 193.0000000000	 1.2208376595
 194.0000000000	 1.1717569681
 195.0000000000	 1.1154348810
 196.0000000000	 1.0550201173
 197.0000000000	 0.9930319570
 198.0000000000	 0.9314307391
 199.0000000000	 0.8717490969
 200.0000000000	 0.8151662846
 201.0000000000	 0.7625385810
 202.0000000000	 0.7144222819
 203.0000000000	 0.6710940244
 204.0000000000	 0.6325553567
 205.0000000000	 0.5984957284
 206.0000000000	 0.5682482855
 207.0000000000	 0.5408031989
 208.0000000000	 0.5149638449
 209.0000000000	 0.4896734633
 210.0000000000	 0.4643988435
 211.0000000000	 0.4393475816
 212.0000000000	 0.4153940040
 213.0000000000	 0.3938568890
 214.0000000000	 0.3763909648
 215.0000000000	 0.3651210298
 216.0000000000	 0.3629368139
 217.0000000000	 0.3736780963
 218.0000000000	 0.4016219546
 219.0000000000	 0.4495316003
 220.0000000000	 0.5157272125
 221.0000000000	 0.5931122050
 222.0000000000	 0.6722134760
 223.0000000000	 0.7453458363
 224.0000000000	 0.8083127095
 225.0000000000	 0.8598064289
 226.0000000000	 0.9002080357
 227.0000000000	 0.9306623198
 228.0000000000	 0.9525226231
 229.0000000000	 0.9670504590
 230.0000000000	 0.9752668604
 231.0000000000	 0.9779209538
 232.0000000000	 0.9755558644
 233.0000000000	 0.9686429445
 234.0000000000	 0.9577223057
 235.0000000000	 0.9434997289
 236.0000000000	 0.9269000956
 237.0000000000	 0.9091188727
 238.0000000000	 0.8917121165
 239.0000000000	 0.8767279046
 240.0000000000	 0.8668135919
 241.0000000000	 0.8650659717
 242.0000000000	 0.8743933350
 243.0000000000	 0.8964098169
 244.0000000000	 0.9303550384
 245.0000000000	 0.9725146763
 246.0000000000	 1.0166601785
 247.0000000000	 1.0560741702
 248.0000000000	 1.0861948181
 249.0000000000	 1.1057559515
 250.0000000000	 1.1160121458
 251.0000000000	 1.1193838467
 252.0000000000	 1.1185046788
 253.0000000000	 1.1157892869
 254.0000000000	 1.1133118932
 255.0000000000	 1.1127705855
 256.0000000000	 1.1154530555
 257.0000000000	 1.1221478925
 258.0000000000	 1.1330754584
 259.0000000000	 1.1478526605
 260.0000000000	 1.1655615558
 261.0000000000	 1.1849400012
 262.0000000000	 1.2046277941
 263.0000000000	 1.2233337419
 264.0000000000	 1.2397236289
 265.0000000000	 1.2518832143
 266.0000000000	 1.2566006337
 267.0000000000	 1.2495563637
 268.0000000000	 1.2276236630
 269.0000000000	 1.1916480695
 270.0000000000	 1.1461027146
 271.0000000000	 1.0963073355
 272.0000000000	 1.0464875317
 273.0000000000	 0.9993723645
 274.0000000000	 0.9564352329
 275.0000000000	 0.9181976476
 276.0000000000	 0.8844508031
 277.0000000000	 0.8544209604
 278.0000000000	 0.8269333010
 279.0000000000	 0.8006165247
 280.0000000000	 0.7741479087
 281.0000000000	 0.7464992594
 282.0000000000	 0.7171224700
 283.0000000000	 0.6859936422
 284.0000000000	 0.6535160939
 285.0000000000	 0.6203442024
 286.0000000000	 0.5872284452
 287.0000000000	 0.5549653587
 288.0000000000	 0.5244824062
 289.0000000000	 0.4970309344
 290.0000000000	 0.4744011001
 291.0000000000	 0.4590522752
 292.0000000000	 0.4540518363
 293.0000000000	 0.4626072397
 294.0000000000	 0.4870060488
 295.0000000000	 0.5272904699
 296.0000000000	 0.5807153848
 297.0000000000	 0.6426525620
 298.0000000000	 0.7082363712
 299.0000000000	 0.7735421754
 300.0000000000	 0.8359079045
 301.0000000000	 0.8936916426
 302.0000000000	 0.9458752466
 303.0000000000	 0.9917442681
 304.0000000000	 1.0307241525
 305.0000000000	 1.0623657656
 306.0000000000	 1.0864142290
 307.0000000000	 1.1028768403
 308.0000000000	 1.1120393721
 309.0000000000	 1.1144349360
 310.0000000000	 1.1108042659
 311.0000000000	 1.1020860340
 312.0000000000	 1.0894556408
 313.0000000000	 1.0744045393
 314.0000000000	 1.0588235190
 315.0000000000	 1.0450379830
 316.0000000000	 1.0356869490
 317.0000000000	 1.0333681386
 318.0000000000	 1.0400850512
 319.0000000000	 1.0566431071
 320.0000000000	 1.0821137571
 321.0000000000	 1.1133103921
 322.0000000000	 1.1445453587
 323.0000000000	 1.1685497154
 324.0000000000	 1.1789866121
 325.0000000000	 1.1730396457
 326.0000000000	 1.1519136959
 327.0000000000	 1.1193061870
 328.0000000000	 1.0795799960
 329.0000000000	 1.0366466761
 330.0000000000	 0.9936276403
 331.0000000000	 0.9529057290
 332.0000000000	 0.9162871825
 333.0000000000	 0.8851556285
 334.0000000000	 0.8605344715
 335.0000000000	 0.8430458809
 336.0000000000	 0.8327542870
 337.0000000000	 0.8289437901
 338.0000000000	 0.8299421842
 339.0000000000	 0.8331299950
 340.0000000000	 0.8351911990
 341.0000000000	 0.8326052252
 342.0000000000	 0.8224108695
 343.0000000000	 0.8032129395
 344.0000000000	 0.7759226610
 345.0000000000	 0.7435083043
 346.0000000000	 0.7098922886
 347.0000000000	 0.6789731235
 348.0000000000	 0.6543274195
 349.0000000000	 0.6393033562
 350.0000000000	 0.6369548665
 351.0000000000	 0.6494687400
 352.0000000000	 0.6771914220
 353.0000000000	 0.7179807404
 354.0000000000	 0.7676804676
 355.0000000000	 0.8215482042
 356.0000000000	 0.8756224665
 357.0000000000	 0.9273235794
 358.0000000000	 0.9753505980
 359.0000000000	 1.0192645227
 360.0000000000	 1.0590673526
 361.0000000000	 1.0949462428
 362.0000000000	 1.1272276209
 363.0000000000	 1.1564379154
 364.0000000000	 1.1832311268
 365.0000000000	 1.2079924407
 366.0000000000	 1.2303317537
 367.0000000000	 1.2490784363
 368.0000000000	 1.2629792860
 369.0000000000	 1.2714831382
 370.0000000000	 1.2750554969
 371.0000000000	 1.2750873181
 372.0000000000	 1.2736558484
 373.0000000000	 1.2732073774
 374.0000000000	 1.2760776089
 375.0000000000	 1.2837527542
 376.0000000000	 1.2959518811
 377.0000000000	 1.3098505675
 378.0000000000	 1.3201665732
 379.0000000000	 1.3207922287
 380.0000000000	 1.3073626821
 381.0000000000	 1.2788233537
 382.0000000000	 1.2370229543
 383.0000000000	 1.1852675277
 384.0000000000	 1.1270383718
 385.0000000000	 1.0652910177
 386.0000000000	 1.0022463939
 387.0000000000	 0.9394754886
 388.0000000000	 0.8781295009
 389.0000000000	 0.8191436198
 390.0000000000	 0.7633124626
 391.0000000000	 0.7112590941
 392.0000000000	 0.6633883765
 393.0000000000	 0.6198668966
 394.0000000000	 0.5806015269
 395.0000000000	 0.5452176766
 396.0000000000	 0.5130656911
 397.0000000000	 0.4833209756
 398.0000000000	 0.4552125372
 399.0000000000	 0.4283076754
 400.0000000000	 0.4026923351
 401.0000000000	 0.3789561692
 402.0000000000	 0.3580803179
 403.0000000000	 0.3414116619
 404.0000000000	 0.3308226585
 405.0000000000	 0.3290057699
 406.0000000000	 0.3396789572
 407.0000000000	 0.3671744456
 408.0000000000	 0.4146557949
 409.0000000000	 0.4811659263
 410.0000000000	 0.5601310133
 411.0000000000	 0.6418610602
 412.0000000000	 0.7179125723
 413.0000000000	 0.7833562049
 414.0000000000	 0.8364466381
 415.0000000000	 0.8773894930
 416.0000000000	 0.9073138199
 417.0000000000	 0.9276532632
 418.0000000000	 0.9398153491
 419.0000000000	 0.9450306723
 420.0000000000	 0.9443002582
 421.0000000000	 0.9384315785
 422.0000000000	 0.9281314589
 423.0000000000	 0.9141113335
 424.0000000000	 0.8971692536
 425.0000000000	 0.8782498757
 426.0000000000	 0.8585120882
 427.0000000000	 0.8394354750
 428.0000000000	 0.8229702289
 429.0000000000	 0.8116645944
 430.0000000000	 0.8085710335
 431.0000000000	 0.8166873295
 432.0000000000	 0.8379049993
 433.0000000000	 0.8719445423
 434.0000000000	 0.9157468473
 435.0000000000	 0.9636847217
 436.0000000000	 1.0091730624
 437.0000000000	 1.0472111503
 438.0000000000	 1.0758865884
 439.0000000000	 1.0959678069
 440.0000000000	 1.1096232517
 441.0000000000	 1.1193678467
 442.0000000000	 1.1275160301
 443.0000000000	 1.1359604950
 444.0000000000	 1.1460889872
 445.0000000000	 1.1587329524
 446.0000000000	 1.1741310714
 447.0000000000	 1.1919461949
 448.0000000000	 1.2113748904
 449.0000000000	 1.2313597361
 450.0000000000	 1.2508634927
 451.0000000000	 1.2691290016
 452.0000000000	 1.2858166549
 453.0000000000	 1.3008752159
 454.0000000000	 1.3139821350
 455.0000000000	 1.3235350803
 456.0000000000	 1.3257822659
 457.0000000000	 1.3157021684
 458.0000000000	 1.2903918289
 459.0000000000	 1.2515279791
 460.0000000000	 1.2037992003
 461.0000000000	 1.1519879637
 462.0000000000	 1.0995345770
 463.0000000000	 1.0484222057
 464.0000000000	 0.9994984233
 465.0000000000	 0.9528285344
 466.0000000000	 0.9079970167
 467.0000000000	 0.8643758440
 468.0000000000	 0.8213629774
 469.0000000000	 0.7785682532
 470.0000000000	 0.7359066939
 471.0000000000	 0.6935811881
 472.0000000000	 0.6519795388
 473.0000000000	 0.6115427958
 474.0000000000	 0.5726574184
 475.0000000000	 0.5356020717
 476.0000000000	 0.5005632656
 477.0000000000	 0.4677273965
 478.0000000000	 0.4374374378
 479.0000000000	 0.4103653782
 480.0000000000	 0.3876326307
 481.0000000000	 0.3708773482
 482.0000000000	 0.3622850077
 483.0000000000	 0.3645151815
 484.0000000000	 0.3803065493
 485.0000000000	 0.4116321968
 486.0000000000	 0.4586584012
 487.0000000000	 0.5191631818
 488.0000000000	 0.5888912897
 489.0000000000	 0.6626115573
 490.0000000000	 0.7352472819
 491.0000000000	 0.8026299291
 492.0000000000	 0.8618277481
 493.0000000000	 0.9111588415
 494.0000000000	 0.9500059213
 495.0000000000	 0.9785368261
 496.0000000000	 0.9974193809
 497.0000000000	 1.0075875621
 498.0000000000	 1.0100796503
 499.0000000000	 1.0059481003
 500.0000000000	 0.9962334756
 501.0000000000	 0.9819918346
 502.0000000000	 0.9643585599
 503.0000000000	 0.9446285561
 504.0000000000	 0.9243390216
 505.0000000000	 0.9053477360
 506.0000000000	 0.8898593505
 507.0000000000	 0.8803298872
 508.0000000000	 0.8791901132
 509.0000000000	 0.8884108531
 510.0000000000	 0.9090100355
 511.0000000000	 0.9405340639
 512.0000000000	 0.9804062265
 513.0000000000	 1.0233724617
 514.0000000000	 1.0622009092
 515.0000000000	 1.0904429884
 516.0000000000	 1.1053090358
 517.0000000000	 1.1079842644
 518.0000000000	 1.1018917270
 519.0000000000	 1.0909498785
 520.0000000000	 1.0786831446
 521.0000000000	 1.0679515953
 522.0000000000	 1.0609399826
 523.0000000000	 1.0591684525
 524.0000000000	 1.0634541382
 525.0000000000	 1.0738545177
 526.0000000000	 1.0896434063
 527.0000000000	 1.1094387879
 528.0000000000	 1.1314882482
 529.0000000000	 1.1540073808
 530.0000000000	 1.1753720833
 531.0000000000	 1.1939849222
 532.0000000000	 1.2077861277
 533.0000000000	 1.2136870785
 534.0000000000	 1.2077450920
 535.0000000000	 1.1870747173
 536.0000000000	 1.1525138778
 537.0000000000	 1.1087786833
 538.0000000000	 1.0618234725
 539.0000000000	 1.0165796498
 540.0000000000	 0.9763202123
 541.0000000000	 0.9428072264
 542.0000000000	 0.9165251590
 543.0000000000	 0.8968661207
 544.0000000000	 0.8823349354
 545.0000000000	 0.8708211421
 546.0000000000	 0.8599337797
 547.0000000000	 0.8473696309
 548.0000000000	 0.8312906114
 549.0000000000	 0.8106403781
 550.0000000000	 0.7852777705
 551.0000000000	 0.7558510652
 552.0000000000	 0.7234971797
 553.0000000000	 0.6895488818
 554.0000000000	 0.6553933213
 555.0000000000	 0.6225250100
 556.0000000000	 0.5927454687
 557.0000000000	 0.5684207853
 558.0000000000	 0.5526197340
 559.0000000000	 0.5488454572
 560.0000000000	 0.5600576598
 561.0000000000	 0.5871643420
 562.0000000000	 0.6280796763
 563.0000000000	 0.6784387018
 564.0000000000	 0.7334223744
 565.0000000000	 0.7892046049
 566.0000000000	 0.8433776233
 567.0000000000	 0.8947355964
 568.0000000000	 0.9428892814
 569.0000000000	 0.9879076267
 570.0000000000	 1.0299803612
 571.0000000000	 1.0690914736
 572.0000000000	 1.1047873578
 573.0000000000	 1.1361782587
 574.0000000000	 1.1621980996
 575.0000000000	 1.1819610753
 576.0000000000	 1.1950188118
 577.0000000000	 1.2014529219
 578.0000000000	 1.2018669214
 579.0000000000	 1.1973707368
 580.0000000000	 1.1895988704
 581.0000000000	 1.1807258981
 582.0000000000	 1.1733739973
 583.0000000000	 1.1702698897
 584.0000000000	 1.1736313175
 585.0000000000	 1.1844707490
 586.0000000000	 1.2020336224
 587.0000000000	 1.2234987949
 588.0000000000	 1.2441179774
 589.0000000000	 1.2581288538
 590.0000000000	 1.2604061954
 591.0000000000	 1.2480154211
 592.0000000000	 1.2207481898
 593.0000000000	 1.1805895952
 594.0000000000	 1.1307460861
 595.0000000000	 1.0747656417
 596.0000000000	 1.0159349746
 597.0000000000	 0.9569669470
 598.0000000000	 0.8999226757
 599.0000000000	 0.8462809922
 600.0000000000	 0.7970785877
 601.0000000000	 0.7529989988
 602.0000000000	 0.7144133085
 603.0000000000	 0.6813285676
 604.0000000000	 0.6532625830
 605.0000000000	 0.6291273427
 606.0000000000	 0.6072796174
 607.0000000000	 0.5858570848
 608.0000000000	 0.5633324699
 609.0000000000	 0.5390218561
 610.0000000000	 0.5132621668
 611.0000000000	 0.4871964285
 612.0000000000	 0.4624069278
 613.0000000000	 0.4406937868
 614.0000000000	 0.4241329651
 615.0000000000	 0.4153503531
 616.0000000000	 0.4177990849
 617.0000000000	 0.4355836856
 618.0000000000	 0.4721196499
 619.0000000000	 0.5275537576
 620.0000000000	 0.5970002241
 621.0000000000	 0.6721720400
 622.0000000000	 0.7451687704
 623.0000000000	 0.8108996069
 624.0000000000	 0.8671864455
 625.0000000000	 0.9138115536
 626.0000000000	 0.9515581768
 627.0000000000	 0.9815383634
 628.0000000000	 1.0047844498
 629.0000000000	 1.0220351092
 630.0000000000	 1.0336957179
 631.0000000000	 1.0399464899
 632.0000000000	 1.0409315180
 633.0000000000	 1.0369377983
 634.0000000000	 1.0285007334
 635.0000000000	 1.0164385515
 636.0000000000	 1.0018654773
 637.0000000000	 0.9862374275
 638.0000000000	 0.9714514841
 639.0000000000	 0.9599529132
 640.0000000000	 0.9546966947
 641.0000000000	 0.9586957777
 642.0000000000	 0.9740700400
 643.0000000000	 1.0008929605
 644.0000000000	 1.0362924710
 645.0000000000	 1.0743862713
 646.0000000000	 1.1078899820
 647.0000000000	 1.1310317888
 648.0000000000	 1.1414745895
 649.0000000000	 1.1399813902
 650.0000000000	 1.1289689644
 651.0000000000	 1.1113203490
 652.0000000000	 1.0898130608
 653.0000000000	 1.0669386777
 654.0000000000	 1.0448848567
 655.0000000000	 1.0255356934
 656.0000000000	 1.0104416195
 657.0000000000	 1.0007597093
 658.0000000000	 0.9971724647
 659.0000000000	 0.9997332393
 660.0000000000	 1.0077619311
 661.0000000000	 1.0197978256
 662.0000000000	 1.0336423286
 663.0000000000	 1.0464333598
 664.0000000000	 1.0546741314
 665.0000000000	 1.0544110502
 666.0000000000	 1.0421790864
 667.0000000000	 1.0169139779
 668.0000000000	 0.9810938637
 669.0000000000	 0.9394729039
 670.0000000000	 0.8968963249
 671.0000000000	 0.8571896921
 672.0000000000	 0.8231076437
 673.0000000000	 0.7965818251
 674.0000000000	 0.7788590754
 675.0000000000	 0.7704658291
 676.0000000000	 0.7710896081
 677.0000000000	 0.7795267859
 678.0000000000	 0.7938119249
 679.0000000000	 0.8115110671
 680.0000000000	 0.8300501252
 681.0000000000	 0.8469907057
 682.0000000000	 0.8602496177
 683.0000000000	 0.8683259041
 684.0000000000	 0.8705635041
 685.0000000000	 0.8673867727
 686.0000000000	 0.8604258892
 687.0000000000	 0.8525354866
 688.0000000000	 0.8476955297
 689.0000000000	 0.8505261871
 690.0000000000	 0.8649512938
 691.0000000000	 0.8922147180
 692.0000000000	 0.9298215450
 693.0000000000	 0.9728033542
 694.0000000000	 1.0162456564
 695.0000000000	 1.0569449476
 696.0000000000	 1.0936090142
 697.0000000000	 1.1262838637
 698.0000000000	 1.1556540277
 699.0000000000	 1.1824728275
 700.0000000000	 1.2071870024
 701.0000000000	 1.2297865055
 702.0000000000	 1.2498991419
 703.0000000000	 1.2670882370
 704.0000000000	 1.2812152900
 705.0000000000	 1.2926661402
 706.0000000000	 1.3022935842
 707.0000000000	 1.3110944578
 708.0000000000	 1.3198090111
 709.0000000000	 1.3286736504
 710.0000000000	 1.3374346199
 711.0000000000	 1.3454959744
 712.0000000000	 1.3518487589
 713.0000000000	 1.3545098407
 714.0000000000	 1.3499660217
 715.0000000000	 1.3339950861
 716.0000000000	 1.3040555105
 717.0000000000	 1.2608413192
 718.0000000000	 1.2074190640
 719.0000000000	 1.1474307834
 720.0000000000	 1.0839760238
 721.0000000000	 1.0193344095
 722.0000000000	 0.9550995847
 723.0000000000	 0.8923978156
 724.0000000000	 0.8320530137
 725.0000000000	 0.7746713807
 726.0000000000	 0.7206649548
 727.0000000000	 0.6702502156
 728.0000000000	 0.6234556685
 729.0000000000	 0.5801496035
 730.0000000000	 0.5400969894
 731.0000000000	 0.5030297935
 732.0000000000	 0.4687059632
 733.0000000000	 0.4369400212
 734.0000000000	 0.4076168007
 735.0000000000	 0.3807246336
 736.0000000000	 0.3564407874
 737.0000000000	 0.3352551841
 738.0000000000	 0.3181059984
 739.0000000000	 0.3065459482
 740.0000000000	 0.3029967840
 741.0000000000	 0.3109868536
 742.0000000000	 0.3349501609
 743.0000000000	 0.3787700660
 744.0000000000	 0.4428007900
 745.0000000000	 0.5215573731
 746.0000000000	 0.6053863407
 747.0000000000	 0.6850166335
 748.0000000000	 0.7545473055
 749.0000000000	 0.8115170078
 750.0000000000	 0.8556958601
 751.0000000000	 0.8879654407
 752.0000000000	 0.9096314099
 753.0000000000	 0.9220826070
 754.0000000000	 0.9266431737
 755.0000000000	 0.9245238087
 756.0000000000	 0.9168146520
 757.0000000000	 0.9045004042
 758.0000000000	 0.8884908830
 759.0000000000	 0.8696733031
 760.0000000000	 0.8489861980
 761.0000000000	 0.8275143137
 762.0000000000	 0.8066146256
 763.0000000000	 0.7880792381
 764.0000000000	 0.7743007342
 765.0000000000	 0.7682708467
 766.0000000000	 0.7731392502
 767.0000000000	 0.7912294166
 768.0000000000	 0.8229252107
 769.0000000000	 0.8660067485
 770.0000000000	 0.9156471781
 771.0000000000	 0.9654828928
 772.0000000000	 1.0098621167
 773.0000000000	 1.0458187033
 774.0000000000	 1.0733014248
 775.0000000000	 1.0941053987
 776.0000000000	 1.1106858676
 777.0000000000	 1.1253877772
 778.0000000000	 1.1400822304
 779.0000000000	 1.1560053539
 780.0000000000	 1.1737189636
 781.0000000000	 1.1931438202
 782.0000000000	 1.2136703398
 783.0000000000	 1.2343513615
 784.0000000000	 1.2541585110
 785.0000000000	 1.2722543813
 786.0000000000	 1.2882237485
 787.0000000000	 1.3022021326
 788.0000000000	 1.3148097759
 789.0000000000	 1.3267438668
 790.0000000000	 1.3378963767
 791.0000000000	 1.3461322736
 792.0000000000	 1.3467171240
 793.0000000000	 1.3342665730
 794.0000000000	 1.3066716389
 795.0000000000	 1.2664033977
 796.0000000000	 1.2180407935
 797.0000000000	 1.1657044429
 798.0000000000	 1.1121314864
 799.0000000000	 1.0587680609
 800.0000000000	 1.0061550025
 801.0000000000	 0.9543215308
 802.0000000000	 0.9031152614
 803.0000000000	 0.8524424640
 804.0000000000	 0.8023971854
 805.0000000000	 0.7532747632
 806.0000000000	 0.7054999660
 807.0000000000	 0.6595229894
 808.0000000000	 0.6157262797
 809.0000000000	 0.5743643400
 810.0000000000	 0.5355396021
 811.0000000000	 0.4992207368
 812.0000000000	 0.4653148076
 813.0000000000	 0.4338017376
 814.0000000000	 0.4049025686
 815.0000000000	 0.3792097276
 816.0000000000	 0.3577334905
 817.0000000000	 0.3419219134
 818.0000000000	 0.3337166681
 819.0000000000	 0.3355825006
 820.0000000000	 0.3503181887
 821.0000000000	 0.3804481877
 822.0000000000	 0.4271568592
 823.0000000000	 0.4891394932
 824.0000000000	 0.5621508523
 825.0000000000	 0.6398587084
 826.0000000000	 0.7156542561
 827.0000000000	 0.7843063009
 828.0000000000	 0.8426600149
 829.0000000000	 0.8894464596
 830.0000000000	 0.9247055433
 831.0000000000	 0.9492208335
 832.0000000000	 0.9641148541
 833.0000000000	 0.9706045705
 834.0000000000	 0.9698726528
 835.0000000000	 0.9630214536
 836.0000000000	 0.9510868130
 837.0000000000	 0.9350922904
 838.0000000000	 0.9161218754
 839.0000000000	 0.8953929676
 840.0000000000	 0.8743286954
 841.0000000000	 0.8546399051
 842.0000000000	 0.8383808225
 843.0000000000	 0.8279272049
 844.0000000000	 0.8257974922
 845.0000000000	 0.8342536509
 846.0000000000	 0.8547209783
 847.0000000000	 0.8871136830
 848.0000000000	 0.9291141717
 849.0000000000	 0.9756877085
 850.0000000000	 1.0199063709
 851.0000000000	 1.0556446920
 852.0000000000	 1.0801408113
 853.0000000000	 1.0941927840
 854.0000000000	 1.1006382291
 855.0000000000	 1.1028407855
 856.0000000000	 1.1038699176
 857.0000000000	 1.1061900673
 858.0000000000	 1.1115691323
 859.0000000000	 1.1210347979
 860.0000000000	 1.1348411234
 861.0000000000	 1.1525053770
 862.0000000000	 1.1729453180
 863.0000000000	 1.1947633572
 864.0000000000	 1.2165981863
 865.0000000000	 1.2374177457
 866.0000000000	 1.2566190100
 867.0000000000	 1.2738285311
 868.0000000000	 1.2883375174
 869.0000000000	 1.2982237048
 870.0000000000	 1.2996957355
 871.0000000000	 1.2880807307
 872.0000000000	 1.2611359048
 873.0000000000	 1.2213473676
 874.0000000000	 1.1741223692
 875.0000000000	 1.1246720377
 876.0000000000	 1.0765770583
 877.0000000000	 1.0317356379
 878.0000000000	 0.9907134119
 879.0000000000	 0.9531059208
 880.0000000000	 0.9178718531
 881.0000000000	 0.8836685330
 882.0000000000	 0.8491991271
 883.0000000000	 0.8135216108
 884.0000000000	 0.7762450066
 885.0000000000	 0.7375374709
 886.0000000000	 0.6979620584
 887.0000000000	 0.6582464712
 888.0000000000	 0.6190884552
 889.0000000000	 0.5810596474
 890.0000000000	 0.5446152563
 891.0000000000	 0.5101944733
 892.0000000000	 0.4783906547
 893.0000000000	 0.4501441965
 894.0000000000	 0.4268979937
 895.0000000000	 0.4106585037
 896.0000000000	 0.4039091367
 897.0000000000	 0.4092537705
 898.0000000000	 0.4286760659
 899.0000000000	 0.4626512514
 900.0000000000	 0.5097235872
 901.0000000000	 0.5669242085
 902.0000000000	 0.6306596067
 903.0000000000	 0.6974351309
 904.0000000000	 0.7641321089
 905.0000000000	 0.8279799805
 906.0000000000	 0.8865244881
 907.0000000000	 0.9377421346
 908.0000000000	 0.9802322542
 909.0000000000	 1.0133207357
 910.0000000000	 1.0369984800
 911.0000000000	 1.0517478495
 912.0000000000	 1.0583525757
 913.0000000000	 1.0577563816
 914.0000000000	 1.0509933340
 915.0000000000	 1.0391875924
 916.0000000000	 1.0236051122
 917.0000000000	 1.0057320269
 918.0000000000	 0.9873499801
 919.0000000000	 0.9705658266
 920.0000000000	 0.9577308062
 921.0000000000	 0.9512146458
 922.0000000000	 0.9530455765
 923.0000000000	 0.9645472470
 924.0000000000	 0.9860421401
 925.0000000000	 1.0164962388
 926.0000000000	 1.0529349557
 927.0000000000	 1.0898933349
 928.0000000000	 1.1200699069
 929.0000000000	 1.1370820138
 930.0000000000	 1.1384851095
 931.0000000000	 1.1261088121
 932.0000000000	 1.1040788754
 933.0000000000	 1.0768459745
 934.0000000000	 1.0482412493
 935.0000000000	 1.0212966215
 936.0000000000	 0.9983366692
 937.0000000000	 0.9811071689
 938.0000000000	 0.9707989958
 939.0000000000	 0.9679646627
 940.0000000000	 0.9723924482
 941.0000000000	 0.9830089303
 942.0000000000	 0.9979569634
 943.0000000000	 1.0148273949
 944.0000000000	 1.0308948213
 945.0000000000	 1.0431942661
 946.0000000000	 1.0484861120
 947.0000000000	 1.0435239437
 948.0000000000	 1.0260639752
 949.0000000000	 0.9963979785
 950.0000000000	 0.9578930760
 951.0000000000	 0.9156960919
 952.0000000000	 0.8749080453
 953.0000000000	 0.8396764329
 954.0000000000	 0.8130892047
 955.0000000000	 0.7971866186
 956.0000000000	 0.7927987036
 957.0000000000	 0.7993484425
 958.0000000000	 0.8149138055
 959.0000000000	 0.8366549945
 960.0000000000	 0.8614055517
 961.0000000000	 0.8861390494
 962.0000000000	 0.9081936459
 963.0000000000	 0.9253778859
 964.0000000000	 0.9361219796
 965.0000000000	 0.9397202524
 966.0000000000	 0.9365548376
 967.0000000000	 0.9281571318
 968.0000000000	 0.9171286932
 969.0000000000	 0.9070245064
 970.0000000000	 0.9021539298
 971.0000000000	 0.9069010169
 972.0000000000	 0.9241462971
 973.0000000000	 0.9534012648
 974.0000000000	 0.9906766083
 975.0000000000	 1.0307382353
 976.0000000000	 1.0695773540
 977.0000000000	 1.1052750904
 978.0000000000	 1.1375246055
 979.0000000000	 1.1667226146
 980.0000000000	 1.1931632739
 981.0000000000	 1.2165552238
 982.0000000000	 1.2359794189
 983.0000000000	 1.2502925076
 984.0000000000	 1.2587851436
 985.0000000000	 1.2617306139
 986.0000000000	 1.2605128338
 987.0000000000	 1.2572828854
 988.0000000000	 1.2543385539
 989.0000000000	 1.2534742377
 990.0000000000	 1.2555354471
 991.0000000000	 1.2602652647
 992.0000000000	 1.2664450653
 993.0000000000	 1.2721101246
 994.0000000000	 1.2745223873
 995.0000000000	 1.2700148029
 996.0000000000	 1.2546683318
 997.0000000000	 1.2262052629
 998.0000000000	 1.1853103816
 999.0000000000	 1.1348572212
 1000.0000000000	 1.0782459674
 1001.0000000000	 1.0183794370
 1002.0000000000	 0.9574423893
 1003.0000000000	 0.8970554286
 1004.0000000000	 0.8384746404
 1005.0000000000	 0.7827095922
 1006.0000000000	 0.7305532190
 1007.0000000000	 0.6825679869
 1008.0000000000	 0.6390553756
 1009.0000000000	 0.6000219560
 1010.0000000000	 0.5651645865
 1011.0000000000	 0.5339120341
 1012.0000000000	 0.5055470894
 1013.0000000000	 0.4793852363
 1014.0000000000	 0.4549376456
 1015.0000000000	 0.4320010694
 1016.0000000000	 0.4106944025
 1017.0000000000	 0.3915136332
 1018.0000000000	 0.3754497354
 1019.0000000000	 0.3641469464
 1020.0000000000	 0.3600763819
 1021.0000000000	 0.3666689742
 1022.0000000000	 0.3880940728
 1023.0000000000	 0.4280217734
 1024.0000000000	 0.4870759698
 1025.0000000000	 0.5606505325
 1026.0000000000	 0.6400134545
 1027.0000000000	 0.7163028966
 1028.0000000000	 0.7835905029
 1029.0000000000	 0.8392766907
 1030.0000000000	 0.8830581167
 1031.0000000000	 0.9158272528
 1032.0000000000	 0.9389406128
 1033.0000000000	 0.9538163114
 1034.0000000000	 0.9617388774
 1035.0000000000	 0.9637953450
 1036.0000000000	 0.9608831081
 1037.0000000000	 0.9537612637
 1038.0000000000	 0.9431155277
 1039.0000000000	 0.9296281136
 1040.0000000000	 0.9140579458
 1041.0000000000	 0.8973420623
 1042.0000000000	 0.8807194665
 1043.0000000000	 0.8658736969
 1044.0000000000	 0.8550612357
 1045.0000000000	 0.8510974208
 1046.0000000000	 0.8569636074
 1047.0000000000	 0.8748992616
 1048.0000000000	 0.9052567899
 1049.0000000000	 0.9456105164
 1050.0000000000	 0.9906321926
 1051.0000000000	 1.0335019403
 1052.0000000000	 1.0686570358
 1053.0000000000	 1.0937335927
 1054.0000000000	 1.1093653378
 1055.0000000000	 1.1178048877
 1056.0000000000	 1.1217306192
 1057.0000000000	 1.1236186273
 1058.0000000000	 1.1255128684
 1059.0000000000	 1.1289737577
 1060.0000000000	 1.1350756342
 1061.0000000000	 1.1444030110
 1062.0000000000	 1.1570474968
 1063.0000000000	 1.1726287069
 1064.0000000000	 1.1903696148
 1065.0000000000	 1.2092476052
 1066.0000000000	 1.2281899547
 1067.0000000000	 1.2462288603
 1068.0000000000	 1.2624620948
 1069.0000000000	 1.2756441658
 1070.0000000000	 1.2834112473
 1071.0000000000	 1.2818027047
 1072.0000000000	 1.2665467273
 1073.0000000000	 1.2362354959
 1074.0000000000	 1.1938275778
 1075.0000000000	 1.1445275121
 1076.0000000000	 1.0930974732
 1077.0000000000	 1.0428009509
 1078.0000000000	 0.9954629041
 1079.0000000000	 0.9518123591
 1080.0000000000	 0.9117941459
 1081.0000000000	 0.8748187199
 1082.0000000000	 0.8399812010
 1083.0000000000	 0.8062731343
 1084.0000000000	 0.7727854271
 1085.0000000000	 0.7388762300
 1086.0000000000	 0.7042667562
 1087.0000000000	 0.6690385481
 1088.0000000000	 0.6335421287
 1089.0000000000	 0.5982667258
 1090.0000000000	 0.5637303667
 1091.0000000000	 0.5304429201
 1092.0000000000	 0.4989678352
 1093.0000000000	 0.4700779061
 1094.0000000000	 0.4449585473
 1095.0000000000	 0.4253771518
 1096.0000000000	 0.4137600294
 1097.0000000000	 0.4130745197
 1098.0000000000	 0.4263123039
 1099.0000000000	 0.4554317056
 1100.0000000000	 0.5001728990
 1101.0000000000	 0.5576856801
 1102.0000000000	 0.6234082826
 1103.0000000000	 0.6925062314
 1104.0000000000	 0.7608764181
 1105.0000000000	 0.8254700528
 1106.0000000000	 0.8841684515
 1107.0000000000	 0.9355493817
 1108.0000000000	 0.9787176113
 1109.0000000000	 1.0132216823
 1110.0000000000	 1.0390091038
 1111.0000000000	 1.0563712406
 1112.0000000000	 1.0658654609
 1113.0000000000	 1.0682309016
 1114.0000000000	 1.0643241777
 1115.0000000000	 1.0550964771
 1116.0000000000	 1.0416212556
 1117.0000000000	 1.0251656529
 1118.0000000000	 1.0072832948
 1119.0000000000	 0.9899016213
 1120.0000000000	 0.9753460042
 1121.0000000000	 0.9662043658
 1122.0000000000	 0.9649773498
 1123.0000000000	 0.9735582018
 1124.0000000000	 0.9927116611
 1125.0000000000	 1.0215777245
 1126.0000000000	 1.0570995264
 1127.0000000000	 1.0936222954
 1128.0000000000	 1.1237321752
 1129.0000000000	 1.1409737148
 1130.0000000000	 1.1426501009
 1131.0000000000	 1.1301973981
 1132.0000000000	 1.1074216493
 1133.0000000000	 1.0786242301
 1134.0000000000	 1.0476018090
 1135.0000000000	 1.0174072260
 1136.0000000000	 0.9904122563
 1137.0000000000	 0.9684446068
 1138.0000000000	 0.9528557279
 1139.0000000000	 0.9444962030
 1140.0000000000	 0.9435956954
 1141.0000000000	 0.9495977000
 1142.0000000000	 0.9610776330
 1143.0000000000	 0.9758236699
 1144.0000000000	 0.9910409114
 1145.0000000000	 1.0035269911
 1146.0000000000	 1.0097730908
 1147.0000000000	 1.0062843814
 1148.0000000000	 0.9906256787
 1149.0000000000	 0.9629360095
 1150.0000000000	 0.9264444254
 1151.0000000000	 0.8861545116
 1152.0000000000	 0.8470596344
 1153.0000000000	 0.8132925833
 1154.0000000000	 0.7880575563
 1155.0000000000	 0.7736548447
 1156.0000000000	 0.7712835160
 1157.0000000000	 0.7807342638
 1158.0000000000	 0.8003164578
 1159.0000000000	 0.8272364840
 1160.0000000000	 0.8582668834
 1161.0000000000	 0.8903368435
 1162.0000000000	 0.9208138586
 1163.0000000000	 0.9475312575
 1164.0000000000	 0.9687679256
 1165.0000000000	 0.9833872651
 1166.0000000000	 0.9911026287
 1167.0000000000	 0.9927981824
 1168.0000000000	 0.9906651038
 1169.0000000000	 0.9881339517
 1170.0000000000	 0.9894936779
 1171.0000000000	 0.9988732012
 1172.0000000000	 1.0184530072
 1173.0000000000	 1.0469863555
 1174.0000000000	 1.0804153116
 1175.0000000000	 1.1142852250
 1176.0000000000	 1.1456913074
 1177.0000000000	 1.1736715872
 1178.0000000000	 1.1986070576
 1179.0000000000	 1.2213547481
 1180.0000000000	 1.2424498896
 1181.0000000000	 1.2615426286
 1182.0000000000	 1.2772402708
 1183.0000000000	 1.2875031717
 1184.0000000000	 1.2905005210
 1185.0000000000	 1.2854995482
 1186.0000000000	 1.2732844181
 1187.0000000000	 1.2559286821
 1188.0000000000	 1.2361484749
 1189.0000000000	 1.2165554850
 1190.0000000000	 1.1990103278
 1191.0000000000	 1.1841347509
 1192.0000000000	 1.1710209093
 1193.0000000000	 1.1572229821
 1194.0000000000	 1.1392081581
 1195.0000000000	 1.1135353143
 1196.0000000000	 1.0785060926
 1197.0000000000	 1.0349297974
 1198.0000000000	 0.9852865114
 1199.0000000000	 0.9323165382
 1200.0000000000	 0.8781978517
 1201.0000000000	 0.8243918804
 1202.0000000000	 0.7718172400
 1203.0000000000	 0.7211036079
 1204.0000000000	 0.6727914201
 1205.0000000000	 0.6274328022
 1206.0000000000	 0.5856037685
 1207.0000000000	 0.5478786610
 1208.0000000000	 0.5147927108
 1209.0000000000	 0.4867927788
 1210.0000000000	 0.4641586842
 1211.0000000000	 0.4468987371
 1212.0000000000	 0.4346808003
 1213.0000000000	 0.4268932235
 1214.0000000000	 0.4228951895
 1215.0000000000	 0.4224147158
 1216.0000000000	 0.4259927564
 1217.0000000000	 0.4353374277
 1218.0000000000	 0.4533817460
 1219.0000000000	 0.4837009501
 1220.0000000000	 0.5289517709
 1221.0000000000	 0.5886926629
 1222.0000000000	 0.6582884620
 1223.0000000000	 0.7304434412
 1224.0000000000	 0.7981965144
 1225.0000000000	 0.8568814710
 1226.0000000000	 0.9043361536
 1227.0000000000	 0.9402226272
 1228.0000000000	 0.9652777264
 1229.0000000000	 0.9807851528
 1230.0000000000	 0.9882661380
 1231.0000000000	 0.9893113384
 1232.0000000000	 0.9854867700
 1233.0000000000	 0.9782631664
 1234.0000000000	 0.9689456534
 1235.0000000000	 0.9586329812
 1236.0000000000	 0.9481972962
 1237.0000000000	 0.9383342641
 1238.0000000000	 0.9296934143
 1239.0000000000	 0.9230735303
 1240.0000000000	 0.9196417724
 1241.0000000000	 0.9210827191
 1242.0000000000	 0.9295163869
 1243.0000000000	 0.9469841233
 1244.0000000000	 0.9744382135
 1245.0000000000	 1.0104484164
 1246.0000000000	 1.0502895439
 1247.0000000000	 1.0868388052
 1248.0000000000	 1.1138360511
 1249.0000000000	 1.1288418681
 1250.0000000000	 1.1332185563
 1251.0000000000	 1.1302355907
 1252.0000000000	 1.1234132901
 1253.0000000000	 1.1157224790
 1254.0000000000	 1.1093447795
 1255.0000000000	 1.1056733121
 1256.0000000000	 1.1054029283
 1257.0000000000	 1.1086600882
 1258.0000000000	 1.1151550774
 1259.0000000000	 1.1243332159
 1260.0000000000	 1.1354882641
 1261.0000000000	 1.1478141943
 1262.0000000000	 1.1603858090
 1263.0000000000	 1.1720635745
 1264.0000000000	 1.1813059273
 1265.0000000000	 1.1858867254
 1266.0000000000	 1.1826961036
 1267.0000000000	 1.1682355083
 1268.0000000000	 1.1404588808
 1269.0000000000	 1.1008131151
 1270.0000000000	 1.0538478095
 1271.0000000000	 1.0047484600
 1272.0000000000	 0.9575441215
 1273.0000000000	 0.9147347353
 1274.0000000000	 0.8775220105
 1275.0000000000	 0.8460958577
 1276.0000000000	 0.8198791953
 1277.0000000000	 0.7977700989
 1278.0000000000	 0.7783965314
 1279.0000000000	 0.7603730344
 1280.0000000000	 0.7424966657
 1281.0000000000	 0.7238726980
 1282.0000000000	 0.7039694385
 1283.0000000000	 0.6826105763
 1284.0000000000	 0.6599325076
 1285.0000000000	 0.6363413528
 1286.0000000000	 0.6124894079
 1287.0000000000	 0.5893075319
 1288.0000000000	 0.5681280264
 1289.0000000000	 0.5509198268
 1290.0000000000	 0.5405501205
 1291.0000000000	 0.5407680108
 1292.0000000000	 0.5554124436
 1293.0000000000	 0.5866450172
 1294.0000000000	 0.6332066987
 1295.0000000000	 0.6904982596
 1296.0000000000	 0.7526770651
 1297.0000000000	 0.8148322991
 1298.0000000000	 0.8738370726
 1299.0000000000	 0.9281132127
 1300.0000000000	 0.9770592999
 1301.0000000000	 1.0205587063
 1302.0000000000	 1.0586662207
 1303.0000000000	 1.0914471310
 1304.0000000000	 1.1189205655
 1305.0000000000	 1.1410695776
 1306.0000000000	 1.1578861921
 1307.0000000000	 1.1694295331
 1308.0000000000	 1.1758811954
 1309.0000000000	 1.1775922983
 1310.0000000000	 1.1751340617
 1311.0000000000	 1.1693697108
 1312.0000000000	 1.1615645892
 1313.0000000000	 1.1535141140
 1314.0000000000	 1.1475808125
 1315.0000000000	 1.1464467146
 1316.0000000000	 1.1524611180
 1317.0000000000	 1.1666645442
 1318.0000000000	 1.1877989778
 1319.0000000000	 1.2116867201
 1320.0000000000	 1.2316745157
 1321.0000000000	 1.2407674305
 1322.0000000000	 1.2344977730
 1323.0000000000	 1.2122901094
 1324.0000000000	 1.1766164250
 1325.0000000000	 1.1312593808
 1326.0000000000	 1.0799951943
 1327.0000000000	 1.0260050106
 1328.0000000000	 0.9717469510
 1329.0000000000	 0.9190368278
 1330.0000000000	 0.8691915280
 1331.0000000000	 0.8231589096
 1332.0000000000	 0.7816144169
 1333.0000000000	 0.7450073161
 1334.0000000000	 0.7135469423
 1335.0000000000	 0.6871037429
 1336.0000000000	 0.6650428381
 1337.0000000000	 0.6460714797
 1338.0000000000	 0.6282799875
 1339.0000000000	 0.6095502575
 1340.0000000000	 0.5882863239
 1341.0000000000	 0.5640965638
 1342.0000000000	 0.5379547545
 1343.0000000000	 0.5117696844
 1344.0000000000	 0.4878355942
 1345.0000000000	 0.4686069536
 1346.0000000000	 0.4568300198
 1347.0000000000	 0.4557491003
 1348.0000000000	 0.4689608203
 1349.0000000000	 0.4994278688
 1350.0000000000	 0.5476237320
 1351.0000000000	 0.6100924738
 1352.0000000000	 0.6802160063
 1353.0000000000	 0.7508869378
 1354.0000000000	 0.8167959283
 1355.0000000000	 0.8750759482
 1356.0000000000	 0.9248189073
 1357.0000000000	 0.9663172821
 1358.0000000000	 1.0004306812
 1359.0000000000	 1.0281329739
 1360.0000000000	 1.0502099955
 1361.0000000000	 1.0670971312
 1362.0000000000	 1.0788746731
 1363.0000000000	 1.0854292748
 1364.0000000000	 1.0867151390
 1365.0000000000	 1.0829774489
 1366.0000000000	 1.0748585724
 1367.0000000000	 1.0634079064
 1368.0000000000	 1.0500792572
 1369.0000000000	 1.0367623526
 1370.0000000000	 1.0258296073
 1371.0000000000	 1.0200618740
 1372.0000000000	 1.0222867127
 1373.0000000000	 1.0346112280
 1374.0000000000	 1.0573917220
 1375.0000000000	 1.0882328026
 1376.0000000000	 1.1215775168
 1377.0000000000	 1.1499653885
 1378.0000000000	 1.1670561357
 1379.0000000000	 1.1700791651
 1380.0000000000	 1.1597792981
 1381.0000000000	 1.1388172380
 1382.0000000000	 1.1103355990
 1383.0000000000	 1.0772590757
 1384.0000000000	 1.0421213522
 1385.0000000000	 1.0070958623
 1386.0000000000	 0.9740602374
 1387.0000000000	 0.9446218058
 1388.0000000000	 0.9200926992
 1389.0000000000	 0.9014405491
 1390.0000000000	 0.8891670675
 1391.0000000000	 0.8831368056
 1392.0000000000	 0.8823881730
 1393.0000000000	 0.8850003251
 1394.0000000000	 0.8881056520
 1395.0000000000	 0.8881275441
 1396.0000000000	 0.8813864546
 1397.0000000000	 0.8652522916
 1398.0000000000	 0.8395052656
 1399.0000000000	 0.8066704529
 1400.0000000000	 0.7707779136
 1401.0000000000	 0.7358308515
 1402.0000000000	 0.7051604924
 1403.0000000000	 0.6814913801
 1404.0000000000	 0.6671436218
 1405.0000000000	 0.6640317085
 1406.0000000000	 0.6733618538
 1407.0000000000	 0.6951458096
 1408.0000000000	 0.7278780183
 1409.0000000000	 0.7687379457
 1410.0000000000	 0.8143132121
 1411.0000000000	 0.8614189641
 1412.0000000000	 0.9075963097
 1413.0000000000	 0.9512021595
 1414.0000000000	 0.9912599745
 1415.0000000000	 1.0272932928
 1416.0000000000	 1.0593082521
 1417.0000000000	 1.0879179840
 1418.0000000000	 1.1144030189
 1419.0000000000	 1.1403338163
 1420.0000000000	 1.1666093721
 1421.0000000000	 1.1925781747
 1422.0000000000	 1.2163101775
 1423.0000000000	 1.2358594899
 1424.0000000000	 1.2502757379
 1425.0000000000	 1.2598121456
 1426.0000000000	 1.2656645717
 1427.0000000000	 1.2696150616
 1428.0000000000	 1.2736784964
 1429.0000000000	 1.2797082535
 1430.0000000000	 1.2888836578
 1431.0000000000	 1.3011156451
 1432.0000000000	 1.3145318050
 1433.0000000000	 1.3254351205
 1434.0000000000	 1.3291721942
 1435.0000000000	 1.3217931249
 1436.0000000000	 1.3015155736
 1437.0000000000	 1.2690138783
 1438.0000000000	 1.2265996237
 1439.0000000000	 1.1770705116
 1440.0000000000	 1.1228596232
 1441.0000000000	 1.0656919116
 1442.0000000000	 1.0067346695
 1443.0000000000	 0.9470146418
 1444.0000000000	 0.8877030650
 1445.0000000000	 0.8300394758
 1446.0000000000	 0.7750930664
 1447.0000000000	 0.7236052817
 1448.0000000000	 0.6759621382
 1449.0000000000	 0.6322179791
 1450.0000000000	 0.5921349954
 1451.0000000000	 0.5552413122
 1452.0000000000	 0.5209364501
 1453.0000000000	 0.4886571798
 1454.0000000000	 0.4580626345
 1455.0000000000	 0.4291577790
 1456.0000000000	 0.4023033424
 1457.0000000000	 0.3781546094
 1458.0000000000	 0.3576221854
 1459.0000000000	 0.3419371019
 1460.0000000000	 0.3328112344
 1461.0000000000	 0.3326362580
 1462.0000000000	 0.3445708040
 1463.0000000000	 0.3721924851
 1464.0000000000	 0.4182210720
 1465.0000000000	 0.4822290977
 1466.0000000000	 0.5589469029
 1467.0000000000	 0.6396666595
 1468.0000000000	 0.7160569547
 1469.0000000000	 0.7827918571
 1470.0000000000	 0.8376694969
 1471.0000000000	 0.8805416455
 1472.0000000000	 0.9122815244
 1473.0000000000	 0.9341270280
 1474.0000000000	 0.9473447708
 1475.0000000000	 0.9530847459
 1476.0000000000	 0.9523535630
 1477.0000000000	 0.9460556681
 1478.0000000000	 0.9350587187
 1479.0000000000	 0.9202527429
 1480.0000000000	 0.9025958945
 1481.0000000000	 0.8831590548
 1482.0000000000	 0.8631903654
 1483.0000000000	 0.8442084850
 1484.0000000000	 0.8281141857
 1485.0000000000	 0.8172836172
 1486.0000000000	 0.8144914238
 1487.0000000000	 0.8224849917
 1488.0000000000	 0.8431230577
 1489.0000000000	 0.8763463361
 1490.0000000000	 0.9194189643
 1491.0000000000	 0.9668972828
 1492.0000000000	 1.0120573767
 1493.0000000000	 1.0495280674
 1494.0000000000	 1.0771006427
 1495.0000000000	 1.0954946455
 1496.0000000000	 1.1070381137
 1497.0000000000	 1.1145067442
 1498.0000000000	 1.1204840404
 1499.0000000000	 1.1270858078
 1500.0000000000	 1.1358450289
 1501.0000000000	 1.1476432231
 1502.0000000000	 1.1626891050
 1503.0000000000	 1.1805604902
 1504.0000000000	 1.2003453146
 1505.0000000000	 1.2208861440
 1506.0000000000	 1.2410721105
 1507.0000000000	 1.2600893341
 1508.0000000000	 1.2775291852
 1509.0000000000	 1.2932370249
 1510.0000000000	 1.3067698336
 1511.0000000000	 1.3164440430
 1512.0000000000	 1.3185186169
 1513.0000000000	 1.3080713592
 1514.0000000000	 1.2823555045
 1515.0000000000	 1.2432472060
 1516.0000000000	 1.1956420781
 1517.0000000000	 1.1444663831
 1518.0000000000	 1.0932223270
 1519.0000000000	 1.0438801001
 1520.0000000000	 0.9972032713
 1521.0000000000	 0.9531050611
 1522.0000000000	 0.9109678456
 1523.0000000000	 0.8699437487
 1524.0000000000	 0.8292329405
 1525.0000000000	 0.7883112438
 1526.0000000000	 0.7470359500
 1527.0000000000	 0.7056212524
 1528.0000000000	 0.6645135376
 1529.0000000000	 0.6242322758
 1530.0000000000	 0.5852442915
 1531.0000000000	 0.5479034023
 1532.0000000000	 0.5124666320
 1533.0000000000	 0.4791864829
 1534.0000000000	 0.4484696380
 1535.0000000000	 0.4210549159
 1536.0000000000	 0.3981457449
 1537.0000000000	 0.3814773183
 1538.0000000000	 0.3733218198
 1539.0000000000	 0.3763429946
 1540.0000000000	 0.3930996793
 1541.0000000000	 0.4251600060
 1542.0000000000	 0.4722133009
 1543.0000000000	 0.5318005531
 1544.0000000000	 0.5998675875
 1545.0000000000	 0.6717277508
 1546.0000000000	 0.7428831585
 1547.0000000000	 0.8095218051
 1548.0000000000	 0.8687722703
 1549.0000000000	 0.9187981805
 1550.0000000000	 0.9587446234
 1551.0000000000	 0.9885571541
 1552.0000000000	 1.0087390231
 1553.0000000000	 1.0201202962
 1554.0000000000	 1.0236837127
 1555.0000000000	 1.0204605913
 1556.0000000000	 1.0114940712
 1557.0000000000	 0.9978599256
 1558.0000000000	 0.9807280156
 1559.0000000000	 0.9614428732
 1560.0000000000	 0.9416076493
 1561.0000000000	 0.9231474577
 1562.0000000000	 0.9083079468
 1563.0000000000	 0.8995329496
 1564.0000000000	 0.8991494140
 1565.0000000000	 0.9089512201
 1566.0000000000	 0.9297703828
 1567.0000000000	 0.9610130103
 1568.0000000000	 1.0000174779
 1569.0000000000	 1.0414709483
 1570.0000000000	 1.0780732887
 1571.0000000000	 1.1033285657
 1572.0000000000	 1.1145098130
 1573.0000000000	 1.1129783469
 1574.0000000000	 1.1023763230
 1575.0000000000	 1.0868008875
 1576.0000000000	 1.0698864220
 1577.0000000000	 1.0545719596
 1578.0000000000	 1.0431156863
 1579.0000000000	 1.0371390466
 1580.0000000000	 1.0376038953
 1581.0000000000	 1.0447317896
 1582.0000000000	 1.0579444616
 1583.0000000000	 1.0759248171
 1584.0000000000	 1.0968553433
 1585.0000000000	 1.1187386437
 1586.0000000000	 1.1396055059
 1587.0000000000	 1.1574205870
 1588.0000000000	 1.1696806788
 1589.0000000000	 1.1730516565
 1590.0000000000	 1.1638705075
 1591.0000000000	 1.1401479934
 1592.0000000000	 1.1036867461
 1593.0000000000	 1.0596014042
 1594.0000000000	 1.0137409641
 1595.0000000000	 0.9708326950
 1596.0000000000	 0.9340580298
 1597.0000000000	 0.9051966720
 1598.0000000000	 0.8847789608
 1599.0000000000	 0.8721895337
 1600.0000000000	 0.8658317106
 1601.0000000000	 0.8634072308
 1602.0000000000	 0.8622642046
 1603.0000000000	 0.8597541513
 1604.0000000000	 0.8535866218
 1605.0000000000	 0.8421760926
 1606.0000000000	 0.8248921364
 1607.0000000000	 0.8020842207
 1608.0000000000	 0.7748617825
 1609.0000000000	 0.7447839838
 1610.0000000000	 0.7136598549
 1611.0000000000	 0.6835514650
 1612.0000000000	 0.6569609874
 1613.0000000000	 0.6370626662
 1614.0000000000	 0.6276730968
 1615.0000000000	 0.6325144525
 1616.0000000000	 0.6536037598
 1617.0000000000	 0.6897210022
 1618.0000000000	 0.7365861420
 1619.0000000000	 0.7888382997
 1620.0000000000	 0.8420082004
 1621.0000000000	 0.8932485994
 1622.0000000000	 0.9410935740
 1623.0000000000	 0.9849790680
 1624.0000000000	 1.0248982348
 1625.0000000000	 1.0612319226
 1626.0000000000	 1.0946275717
 1627.0000000000	 1.1257871864
 1628.0000000000	 1.1551416450
 1629.0000000000	 1.1825562549
 1630.0000000000	 1.2072832707
 1631.0000000000	 1.2282335499
 1632.0000000000	 1.2444108363
 1633.0000000000	 1.2552826531
 1634.0000000000	 1.2609878342
 1635.0000000000	 1.2624182033
 1636.0000000000	 1.2612293504
 1637.0000000000	 1.2597423207
 1638.0000000000	 1.2605887913
 1639.0000000000	 1.2659644406
 1640.0000000000	 1.2766411665
 1641.0000000000	 1.2910995485
 1642.0000000000	 1.3053235427
 1643.0000000000	 1.3137264526
 1644.0000000000	 1.3111372451
 1645.0000000000	 1.2947166481
 1646.0000000000	 1.2645139373
 1647.0000000000	 1.2226283043
 1648.0000000000	 1.1719534693
 1649.0000000000	 1.1153038293
 1650.0000000000	 1.0550727396
 1651.0000000000	 0.9932349410
 1652.0000000000	 0.9314461721
 1653.0000000000	 0.8710956093
 1654.0000000000	 0.8133067550
 1655.0000000000	 0.7589266213
 1656.0000000000	 0.7085365528
 1657.0000000000	 0.6624651199
 1658.0000000000	 0.6207871666
 1659.0000000000	 0.5832899115
 1660.0000000000	 0.5494326410
 1661.0000000000	 0.5183835194
 1662.0000000000	 0.4892158515
 1663.0000000000	 0.4612317013
 1664.0000000000	 0.4342336209
 1665.0000000000	 0.4085786148
 1666.0000000000	 0.3850499541
 1667.0000000000	 0.3647284531
 1668.0000000000	 0.3490199242
 1669.0000000000	 0.3398400791
 1670.0000000000	 0.3398968147
 1671.0000000000	 0.3528439279
 1672.0000000000	 0.3827879254
 1673.0000000000	 0.4324333816
 1674.0000000000	 0.5002057642
 1675.0000000000	 0.5791230784
 1676.0000000000	 0.6596460760
 1677.0000000000	 0.7338859183
 1678.0000000000	 0.7974582817
 1679.0000000000	 0.8489506235
 1680.0000000000	 0.8887100190
 1681.0000000000	 0.9178845342
 1682.0000000000	 0.9378579693
 1683.0000000000	 0.9499473477
 1684.0000000000	 0.9552626639
 1685.0000000000	 0.9546910227
 1686.0000000000	 0.9489673521
 1687.0000000000	 0.9387839113
 1688.0000000000	 0.9248843630
 1689.0000000000	 0.9081238064
 1690.0000000000	 0.8895129467
 1691.0000000000	 0.8702800805
 1692.0000000000	 0.8519736630
 1693.0000000000	 0.8366023443
 1694.0000000000	 0.8267391975
 1695.0000000000	 0.8253962843
 1696.0000000000	 0.8354188757
 1697.0000000000	 0.8584176852
 1698.0000000000	 0.8937244169
 1699.0000000000	 0.9378213417
 1700.0000000000	 0.9847090436
 1701.0000000000	 1.0277869341
 1702.0000000000	 1.0624386442
 1703.0000000000	 1.0872607715
 1704.0000000000	 1.1033979080
 1705.0000000000	 1.1132170789
 1706.0000000000	 1.1193318427
 1707.0000000000	 1.1241125745
 1708.0000000000	 1.1295165298
 1709.0000000000	 1.1370048540
 1710.0000000000	 1.1474825716
 1711.0000000000	 1.1612442909
 1712.0000000000	 1.1779842811
 1713.0000000000	 1.1968958420
 1714.0000000000	 1.2168780911
 1715.0000000000	 1.2368084710
 1716.0000000000	 1.2557947898
 1717.0000000000	 1.2732864846
 1718.0000000000	 1.2888899979
 1719.0000000000	 1.3017391520
 1720.0000000000	 1.3095102101
 1721.0000000000	 1.3079417275
 1722.0000000000	 1.2925068360
 1723.0000000000	 1.2619093379
 1724.0000000000	 1.2192966577
 1725.0000000000	 1.1698255437
 1726.0000000000	 1.1180646786
 1727.0000000000	 1.0670756243
 1728.0000000000	 1.0185133102
 1729.0000000000	 0.9729664606
 1730.0000000000	 0.9302741893
 1731.0000000000	 0.8897920121
 1732.0000000000	 0.8506464057
 1733.0000000000	 0.8119841960
 1734.0000000000	 0.7731882189
 1735.0000000000	 0.7340044869
 1736.0000000000	 0.6945475248
 1737.0000000000	 0.6551963312
 1738.0000000000	 0.6164435597
 1739.0000000000	 0.5787643265
 1740.0000000000	 0.5425497348
 1741.0000000000	 0.5081237057
 1742.0000000000	 0.4758476730
 1743.0000000000	 0.4462923223
 1744.0000000000	 0.4204163811
 1745.0000000000	 0.3996924618
 1746.0000000000	 0.3861662750
 1747.0000000000	 0.3824219229
 1748.0000000000	 0.3912915000
 1749.0000000000	 0.4151075716
 1750.0000000000	 0.4546365257
 1751.0000000000	 0.5083397913
 1752.0000000000	 0.5725930920
 1753.0000000000	 0.6427140509
 1754.0000000000	 0.7140567240
 1755.0000000000	 0.7826616246
 1756.0000000000	 0.8454702387
 1757.0000000000	 0.9003339187
 1758.0000000000	 0.9459615834
 1759.0000000000	 0.9818274507
 1760.0000000000	 1.0080264957
 1761.0000000000	 1.0250953680
 1762.0000000000	 1.0338386191
 1763.0000000000	 1.0351937576
 1764.0000000000	 1.0301519603
 1765.0000000000	 1.0197386803
 1766.0000000000	 1.0050472142
 1767.0000000000	 0.9873085273
 1768.0000000000	 0.9679775473
 1769.0000000000	 0.9488149266
 1770.0000000000	 0.9319394995
 1771.0000000000	 0.9197732088
 1772.0000000000	 0.9148109236
 1773.0000000000	 0.9192149679
 1774.0000000000	 0.9343432447
 1775.0000000000	 0.9602964799
 1776.0000000000	 0.9953877043
 1777.0000000000	 1.0354907693
 1778.0000000000	 1.0739648113
 1779.0000000000	 1.1034566144
 1780.0000000000	 1.1191611664
 1781.0000000000	 1.1206081493
 1782.0000000000	 1.1106605387
 1783.0000000000	 1.0934475736
 1784.0000000000	 1.0729567441
 1785.0000000000	 1.0525323892
 1786.0000000000	 1.0348110597
 1787.0000000000	 1.0217965457
 1788.0000000000	 1.0149050989
 1789.0000000000	 1.0149128239
 1790.0000000000	 1.0218587273
 1791.0000000000	 1.0349756093
 1792.0000000000	 1.0527557820
 1793.0000000000	 1.0731878551
 1794.0000000000	 1.0940456864
 1795.0000000000	 1.1130116503
 1796.0000000000	 1.1274973908
 1797.0000000000	 1.1343262134
 1798.0000000000	 1.1298865481
 1799.0000000000	 1.1115374458
 1800.0000000000	 1.0797589378
 1801.0000000000	 1.0386651874
 1802.0000000000	 0.9940174018
 1803.0000000000	 0.9510380451
 1804.0000000000	 0.9135820063
 1805.0000000000	 0.8841469469
 1806.0000000000	 0.8639943329
 1807.0000000000	 0.8531741128
 1808.0000000000	 0.8505758837
 1809.0000000000	 0.8541407629
 1810.0000000000	 0.8612154500
 1811.0000000000	 0.8689328999
 1812.0000000000	 0.8745413453
 1813.0000000000	 0.8756975515
 1814.0000000000	 0.8707661136
 1815.0000000000	 0.8590938487
 1816.0000000000	 0.8410837841
 1817.0000000000	 0.8180293366
 1818.0000000000	 0.7918478058
 1819.0000000000	 0.7649259844
 1820.0000000000	 0.7401633543
 1821.0000000000	 0.7211304503
 1822.0000000000	 0.7120126633
 1823.0000000000	 0.7168144736
 1824.0000000000	 0.7376093229
 1825.0000000000	 0.7729269862
 1826.0000000000	 0.8181196770
 1827.0000000000	 0.8676559090
 1828.0000000000	 0.9171980647
 1829.0000000000	 0.9642021676
 1830.0000000000	 1.0074815599
 1831.0000000000	 1.0465634286
 1832.0000000000	 1.0812863381
 1833.0000000000	 1.1117114732
 1834.0000000000	 1.1382314620
 1835.0000000000	 1.1616674398
 1836.0000000000	 1.1831694346
 1837.0000000000	 1.2038650065
 1838.0000000000	 1.2243919282
 1839.0000000000	 1.2445940995
 1840.0000000000	 1.2635988528
 1841.0000000000	 1.2802541944
 1842.0000000000	 1.2936899860
 1843.0000000000	 1.3037586502
 1844.0000000000	 1.3112367912
 1845.0000000000	 1.3177208176
 1846.0000000000	 1.3250865639
 1847.0000000000	 1.3344193134
 1848.0000000000	 1.3447275468
 1849.0000000000	 1.3523349555
 1850.0000000000	 1.3519192215
 1851.0000000000	 1.3389522175
 1852.0000000000	 1.3117042096
 1853.0000000000	 1.2714062222
 1854.0000000000	 1.2210628338
 1855.0000000000	 1.1641269158
 1856.0000000000	 1.1036510053
 1857.0000000000	 1.0419402925
 1858.0000000000	 0.9805182145
 1859.0000000000	 0.9202766977
 1860.0000000000	 0.8617152022
 1861.0000000000	 0.8051756080
 1862.0000000000	 0.7509919662
 1863.0000000000	 0.6995233691
 1864.0000000000	 0.6511055246
 1865.0000000000	 0.6059814513
 1866.0000000000	 0.5642440786
 1867.0000000000	 0.5257991126
 1868.0000000000	 0.4903667786
 1869.0000000000	 0.4575517635
 1870.0000000000	 0.4270062306
 1871.0000000000	 0.3986210002
 1872.0000000000	 0.3726318980
 1873.0000000000	 0.3496216719
 1874.0000000000	 0.3305193076
 1875.0000000000	 0.3167084277
 1876.0000000000	 0.3102629524
 1877.0000000000	 0.3141958030
 1878.0000000000	 0.3324046398
 1879.0000000000	 0.3687207560
 1880.0000000000	 0.4246847936
 1881.0000000000	 0.4971915930
 1882.0000000000	 0.5785882263
 1883.0000000000	 0.6598150330
 1884.0000000000	 0.7337495578
 1885.0000000000	 0.7964308107
 1886.0000000000	 0.8465271222
 1887.0000000000	 0.8843185164
 1888.0000000000	 0.9108793769
 1889.0000000000	 0.9275763346
 1890.0000000000	 0.9357953652
 1891.0000000000	 0.9368074195
 1892.0000000000	 0.9317287426
 1893.0000000000	 0.9215404423
 1894.0000000000	 0.9071504469
 1895.0000000000	 0.8894625679
 1896.0000000000	 0.8694401799
 1897.0000000000	 0.8481736528
 1898.0000000000	 0.8269755168
 1899.0000000000	 0.8075160386
 1900.0000000000	 0.7919736263
 1901.0000000000	 0.7830763673
 1902.0000000000	 0.7838397853
 1903.0000000000	 0.7968376592
 1904.0000000000	 0.8232138152
 1905.0000000000	 0.8618583640
 1906.0000000000	 0.9089985818
 1907.0000000000	 0.9586036537
 1908.0000000000	 1.0042533174
 1909.0000000000	 1.0416566320
 1910.0000000000	 1.0697572403
 1911.0000000000	 1.0899688862
 1912.0000000000	 1.1048109954
 1913.0000000000	 1.1169132692
 1914.0000000000	 1.1285159249
 1915.0000000000	 1.1412687882
 1916.0000000000	 1.1561538773
 1917.0000000000	 1.1734648078
 1918.0000000000	 1.1928547524
 1919.0000000000	 1.2134792570
 1920.0000000000	 1.2342355464
 1921.0000000000	 1.2540564541
 1922.0000000000	 1.2721898473
 1923.0000000000	 1.2883862357
 1924.0000000000	 1.3029084794
 1925.0000000000	 1.3162441028
 1926.0000000000	 1.3283923655
 1927.0000000000	 1.3377487842
 1928.0000000000	 1.3402494639
 1929.0000000000	 1.3305204226
 1930.0000000000	 1.3056040825
 1931.0000000000	 1.2672910611
 1932.0000000000	 1.2202322909
 1933.0000000000	 1.1689916636
 1934.0000000000	 1.1167259157
 1935.0000000000	 1.0651425092
 1936.0000000000	 1.0148661060
 1937.0000000000	 0.9658398355
 1938.0000000000	 0.9176822300
 1939.0000000000	 0.8699859325
 1940.0000000000	 0.8225307345
 1941.0000000000	 0.7753801648
 1942.0000000000	 0.7288546209
 1943.0000000000	 0.6834198843
 1944.0000000000	 0.6395564910
 1945.0000000000	 0.5976567090
 1946.0000000000	 0.5579691889
 1947.0000000000	 0.5205962856
 1948.0000000000	 0.4855478531
 1949.0000000000	 0.4528575730
 1950.0000000000	 0.4227465626
 1951.0000000000	 0.3957781396
 1952.0000000000	 0.3729412012
 1953.0000000000	 0.3556785662
 1954.0000000000	 0.3459131427
 1955.0000000000	 0.3460356353
 1956.0000000000	 0.3586816470
 1957.0000000000	 0.3861398102
 1958.0000000000	 0.4294426803
 1959.0000000000	 0.4874993820
 1960.0000000000	 0.5568046125
 1961.0000000000	 0.6320209512
 1962.0000000000	 0.7072280080
 1963.0000000000	 0.7772399756
 1964.0000000000	 0.8384308880
 1965.0000000000	 0.8888871959
 1966.0000000000	 0.9280891671
 1967.0000000000	 0.9564370907
 1968.0000000000	 0.9748337442
 1969.0000000000	 0.9843934669
 1970.0000000000	 0.9862705310
 1971.0000000000	 0.9815787541
 1972.0000000000	 0.9713802414
 1973.0000000000	 0.9567246610
 1974.0000000000	 0.9387166717
 1975.0000000000	 0.9185909130
 1976.0000000000	 0.8977867613
 1977.0000000000	 0.8780197960
 1978.0000000000	 0.8613280287
 1979.0000000000	 0.8500330746
 1980.0000000000	 0.8465637078
 1981.0000000000	 0.8531028589
 1982.0000000000	 0.8711091310
 1983.0000000000	 0.9007478078
 1984.0000000000	 0.9402130955
 1985.0000000000	 0.9850496149
 1986.0000000000	 1.0284632652
 1987.0000000000	 1.0636921983
 1988.0000000000	 1.0870432932
 1989.0000000000	 1.0987662477
 1990.0000000000	 1.1016565800
 1991.0000000000	 1.0993251603
 1992.0000000000	 1.0951668973
 1993.0000000000	 1.0919798422
 1994.0000000000	 1.0918722916
 1995.0000000000	 1.0962344959
 1996.0000000000	 1.1057008191
 1997.0000000000	 1.1201228120
 1998.0000000000	 1.1386294097
 1999.0000000000	 1.1598384760
 2000.0000000000	 1.1821925263
 2001.0000000000	 1.2042982460
 2002.0000000000	 1.2251055654
 2003.0000000000	 1.2437862184
 2004.0000000000	 1.2592491500
 2005.0000000000	 1.2693741066
 2006.0000000000	 1.2704730969
 2007.0000000000	 1.2582348133
 2008.0000000000	 1.2307524324
 2009.0000000000	 1.1907048497
 2010.0000000000	 1.1436891947
 2011.0000000000	 1.0951534197
 2012.0000000000	 1.0489220700
 2013.0000000000	 1.0071115378
 2014.0000000000	 0.9704437596
 2015.0000000000	 0.9385604645
 2016.0000000000	 0.9103083275
 2017.0000000000	 0.8840427458
 2018.0000000000	 0.8579731120
 2019.0000000000	 0.8305268746
 2020.0000000000	 0.8006706200
 2021.0000000000	 0.7680791160
 2022.0000000000	 0.7330833948
 2023.0000000000	 0.6964374481
 2024.0000000000	 0.6590462405
 2025.0000000000	 0.6217746489
 2026.0000000000	 0.5853910043
 2027.0000000000	 0.5506398388
 2028.0000000000	 0.5184120120
 2029.0000000000	 0.4899645694
 2030.0000000000	 0.4671151619
 2031.0000000000	 0.4523094324
 2032.0000000000	 0.4484223818
 2033.0000000000	 0.4581110552
 2034.0000000000	 0.4827442120
 2035.0000000000	 0.5215071509
 2036.0000000000	 0.5715058378
 2037.0000000000	 0.6288668735
 2038.0000000000	 0.6899407414
 2039.0000000000	 0.7519128869
 2040.0000000000	 0.8127948521
 2041.0000000000	 0.8710959001
 2042.0000000000	 0.9254648034
 2043.0000000000	 0.9745109119
 2044.0000000000	 1.0168813737
 2045.0000000000	 1.0514988793
 2046.0000000000	 1.0777651961
 2047.0000000000	 1.0956104859
 2048.0000000000	 1.1054096984
 2049.0000000000	 1.1078567201
 2050.0000000000	 1.1038700709
 2051.0000000000	 1.0945631610
 2052.0000000000	 1.0812806370
 2053.0000000000	 1.0656687338
 2054.0000000000	 1.0497418800
 2055.0000000000	 1.0358671898
 2056.0000000000	 1.0265804249
 2057.0000000000	 1.0242128823
 2058.0000000000	 1.0304369626
 2059.0000000000	 1.0458961591
 2060.0000000000	 1.0699259866
 2061.0000000000	 1.1002144716
 2062.0000000000	 1.1324023709
 2063.0000000000	 1.1601644368
 2064.0000000000	 1.1766757972
 2065.0000000000	 1.1773426399
 2066.0000000000	 1.1616993490
 2067.0000000000	 1.1328220421
 2068.0000000000	 1.0952925255
 2069.0000000000	 1.0535326599
 2070.0000000000	 1.0111348455
 2071.0000000000	 0.9708213241
 2072.0000000000	 0.9346348878
 2073.0000000000	 0.9041083638
 2074.0000000000	 0.8803434463
 2075.0000000000	 0.8639673285
 2076.0000000000	 0.8549697017
 2077.0000000000	 0.8524997660
 2078.0000000000	 0.8547564156
 2079.0000000000	 0.8590831684
 2080.0000000000	 0.8622660112
 2081.0000000000	 0.8609612531
 2082.0000000000	 0.8522730738
 2083.0000000000	 0.8345512599
 2084.0000000000	 0.8081300700
 2085.0000000000	 0.7754007539
 2086.0000000000	 0.7400362779
 2087.0000000000	 0.7059976555
 2088.0000000000	 0.6770176614
 2089.0000000000	 0.6565656572
 2090.0000000000	 0.6478419444
 2091.0000000000	 0.6533673799
 2092.0000000000	 0.6741127538
 2093.0000000000	 0.7087154954
 2094.0000000000	 0.7536191898
 2095.0000000000	 0.8042673319
 2096.0000000000	 0.8565119216
 2097.0000000000	 0.9073968586
 2098.0000000000	 0.9552076750
 2099.0000000000	 0.9991281469
 2100.0000000000	 1.0388563011
 2101.0000000000	 1.0743938772
 2102.0000000000	 1.1060516269
 2103.0000000000	 1.1345450224
 2104.0000000000	 1.1609300447
 2105.0000000000	 1.1861574961
 2106.0000000000	 1.2103598805
 2107.0000000000	 1.2324917153
 2108.0000000000	 1.2508599038
 2109.0000000000	 1.2641523933
 2110.0000000000	 1.2721153261
 2111.0000000000	 1.2756307240
 2112.0000000000	 1.2764734862
 2113.0000000000	 1.2769706578
 2114.0000000000	 1.2795399168
 2115.0000000000	 1.2860256776
 2116.0000000000	 1.2968603916
 2117.0000000000	 1.3102662701
 2118.0000000000	 1.3220287792
 2119.0000000000	 1.3264995253
 2120.0000000000	 1.3187689480
 2121.0000000000	 1.2966131023
 2122.0000000000	 1.2608336992
 2123.0000000000	 1.2141889004
 2124.0000000000	 1.1600315266
 2125.0000000000	 1.1013714554
 2126.0000000000	 1.0404893886
 2127.0000000000	 0.9789523297
 2128.0000000000	 0.9178679673
 2129.0000000000	 0.8581750336
 2130.0000000000	 0.8007750713
 2131.0000000000	 0.7464815790
 2132.0000000000	 0.6959136422
 2133.0000000000	 0.6494336686
 2134.0000000000	 0.6071268603
 2135.0000000000	 0.5687884336
 2136.0000000000	 0.5339293870
 2137.0000000000	 0.5018457875
 2138.0000000000	 0.4717961386
 2139.0000000000	 0.4432563058
 2140.0000000000	 0.4161274166
 2141.0000000000	 0.3907808889
 2142.0000000000	 0.3679765731
 2143.0000000000	 0.3487997352
 2144.0000000000	 0.3347394414
 2145.0000000000	 0.3279096381
 2146.0000000000	 0.3312999824
 2147.0000000000	 0.3487606627
 2148.0000000000	 0.3841520354
 2149.0000000000	 0.4391940392
 2150.0000000000	 0.5109406150
 2151.0000000000	 0.5916022453
 2152.0000000000	 0.6718209869
 2153.0000000000	 0.7444001128
 2154.0000000000	 0.8056005671
 2155.0000000000	 0.8544199458
 2156.0000000000	 0.8914124492
 2157.0000000000	 0.9178145699
 2158.0000000000	 0.9350329800
 2159.0000000000	 0.9443939322
 2160.0000000000	 0.9470331637
 2161.0000000000	 0.9438878143
 2162.0000000000	 0.9357614534
 2163.0000000000	 0.9234171189
 2164.0000000000	 0.9076590956
 2165.0000000000	 0.8893936989
 2166.0000000000	 0.8696855881
 2167.0000000000	 0.8498365796
 2168.0000000000	 0.8315101864
 2169.0000000000	 0.8168682293
 2170.0000000000	 0.8086240690
 2171.0000000000	 0.8097988409
 2172.0000000000	 0.8229978882
 2173.0000000000	 0.8493633837
 2174.0000000000	 0.8876519230
 2175.0000000000	 0.9338090394
 2176.0000000000	 0.9815778523
 2177.0000000000	 1.0246159349
 2178.0000000000	 1.0589557376
 2179.0000000000	 1.0838203726
 2180.0000000000	 1.1007142319
 2181.0000000000	 1.1121154741
 2182.0000000000	 1.1205906973
 2183.0000000000	 1.1283784077
 2184.0000000000	 1.1372287493
 2185.0000000000	 1.1483272393
 2186.0000000000	 1.1622481314
 2187.0000000000	 1.1789443603
 2188.0000000000	 1.1978121185
 2189.0000000000	 1.2178634656
 2190.0000000000	 1.2379849134
 2191.0000000000	 1.2572217362
 2192.0000000000	 1.2749949068
 2193.0000000000	 1.2911363943
 2194.0000000000	 1.3055983659
 2195.0000000000	 1.3177074928
 2196.0000000000	 1.3250973215
 2197.0000000000	 1.3232763947
 2198.0000000000	 1.3075574181
 2199.0000000000	 1.2767113971
 2200.0000000000	 1.2339542574
 2201.0000000000	 1.1843414071
 2202.0000000000	 1.1322484111
 2203.0000000000	 1.0805340784
 2204.0000000000	 1.0306808446
 2205.0000000000	 0.9831552933
 2206.0000000000	 0.9377491953
 2207.0000000000	 0.8938784773
 2208.0000000000	 0.8508561561
 2209.0000000000	 0.8081250856
 2210.0000000000	 0.7654152519
 2211.0000000000	 0.7227879025
 2212.0000000000	 0.6805662394
 2213.0000000000	 0.6392029670
 2214.0000000000	 0.5991490893
 2215.0000000000	 0.5607619141
 2216.0000000000	 0.5242850626
 2217.0000000000	 0.4898930671
 2218.0000000000	 0.4578134521
 2219.0000000000	 0.4284981319
 2220.0000000000	 0.4027802756
 2221.0000000000	 0.3819751457
 2222.0000000000	 0.3679253219
 2223.0000000000	 0.3630027452
 2224.0000000000	 0.3699301250
 2225.0000000000	 0.3912139999
 2226.0000000000	 0.4281969905
 2227.0000000000	 0.4801624218
 2228.0000000000	 0.5441216152
 2229.0000000000	 0.6154644273
 2230.0000000000	 0.6890391545
 2231.0000000000	 0.7601006352
 2232.0000000000	 0.8248932948
 2233.0000000000	 0.8808852401
 2234.0000000000	 0.9267385213
 2235.0000000000	 0.9621019277
 2236.0000000000	 0.9873248727
 2237.0000000000	 1.0031807980
 2238.0000000000	 1.0106517373
 2239.0000000000	 1.0107888012
 2240.0000000000	 1.0046436571
 2241.0000000000	 0.9932624243
 2242.0000000000	 0.9777286231
 2243.0000000000	 0.9592345078
 2244.0000000000	 0.9391635442
 2245.0000000000	 0.9191713430
 2246.0000000000	 0.9012488053
 2247.0000000000	 0.8877035004
 2248.0000000000	 0.8810028341
 2249.0000000000	 0.8834351689
 2250.0000000000	 0.8966547267
 2251.0000000000	 0.9212068139
 2252.0000000000	 0.9559819148
 2253.0000000000	 0.9975211993
 2254.0000000000	 1.0397053971
 2255.0000000000	 1.0751729921
 2256.0000000000	 1.0985042486
 2257.0000000000	 1.1084098455
 2258.0000000000	 1.1071087790
 2259.0000000000	 1.0983872802
 2260.0000000000	 1.0861108250
 2261.0000000000	 1.0735981290
 2262.0000000000	 1.0634807334
 2263.0000000000	 1.0577230093
 2264.0000000000	 1.0576189985
 2265.0000000000	 1.0637390241
 2266.0000000000	 1.0758715796
 2267.0000000000	 1.0930433552
 2268.0000000000	 1.1137000400
 2269.0000000000	 1.1360280642
 2270.0000000000	 1.1582659224
 2271.0000000000	 1.1787962469
 2272.0000000000	 1.1958831690
 2273.0000000000	 1.2071144505
 2274.0000000000	 1.2089974764
 2275.0000000000	 1.1977027858
 2276.0000000000	 1.1715104460
 2277.0000000000	 1.1328796667
 2278.0000000000	 1.0873317890
 2279.0000000000	 1.0406162509
 2280.0000000000	 0.9970793427
 2281.0000000000	 0.9594313469
 2282.0000000000	 0.9289650228
 2283.0000000000	 0.9057623395
 2284.0000000000	 0.8888697336
 2285.0000000000	 0.8765250137
 2286.0000000000	 0.8664511861
 2287.0000000000	 0.8562088214
 2288.0000000000	 0.8435711609
 2289.0000000000	 0.8268932363
 2290.0000000000	 0.8053913422
 2291.0000000000	 0.7791909995
 2292.0000000000	 0.7491387851
 2293.0000000000	 0.7164803073
 2294.0000000000	 0.6826048816
 2295.0000000000	 0.6489679222
 2296.0000000000	 0.6171996315
 2297.0000000000	 0.5893387418
 2298.0000000000	 0.5680755082
 2299.0000000000	 0.5567675498
 2300.0000000000	 0.5589016713
 2301.0000000000	 0.5767976830
 2302.0000000000	 0.6101293572
 2303.0000000000	 0.6556120821
 2304.0000000000	 0.7083897070
 2305.0000000000	 0.7639034305
 2306.0000000000	 0.8189105248
 2307.0000000000	 0.8715563241
 2308.0000000000	 0.9210391003
 2309.0000000000	 0.9672266983
 2310.0000000000	 1.0103262597
 2311.0000000000	 1.0505630086
 2312.0000000000	 1.0878690418
 2313.0000000000	 1.1216971378
 2314.0000000000	 1.1510928396
 2315.0000000000	 1.1750018308
 2316.0000000000	 1.1926232796
 2317.0000000000	 1.2036335281
 2318.0000000000	 1.2082531891
 2319.0000000000	 1.2072379617
 2320.0000000000	 1.2018757715
 2321.0000000000	 1.1940092544
 2322.0000000000	 1.1860196941
 2323.0000000000	 1.1806360647
 2324.0000000000	 1.1804543557
 2325.0000000000	 1.1872389619
 2326.0000000000	 1.2012283823
 2327.0000000000	 1.2206635550
 2328.0000000000	 1.2416723508
 2329.0000000000	 1.2588066107
 2330.0000000000	 1.2664443962
 2331.0000000000	 1.2605470111
 2332.0000000000	 1.2397071498
 2333.0000000000	 1.2049956991
 2334.0000000000	 1.1590898588
 2335.0000000000	 1.1053476081
 2336.0000000000	 1.0471267112
 2337.0000000000	 0.9873784398
 2338.0000000000	 0.9284580045
 2339.0000000000	 0.8721176411
 2340.0000000000	 0.8196007313
 2341.0000000000	 0.7717585020
 2342.0000000000	 0.7291209046
 2343.0000000000	 0.6919028114
 2344.0000000000	 0.6599264104
 2345.0000000000	 0.6324934197
 2346.0000000000	 0.6083257735
 2347.0000000000	 0.5857283440
 2348.0000000000	 0.5630281217
 2349.0000000000	 0.5391193788
 2350.0000000000	 0.5138235492
 2351.0000000000	 0.4878661728
 2352.0000000000	 0.4625683420
 2353.0000000000	 0.4395426422
 2354.0000000000	 0.4206249986
 2355.0000000000	 0.4080589006
 2356.0000000000	 0.4048128034
 2357.0000000000	 0.4147274303
 2358.0000000000	 0.4418836990
 2359.0000000000	 0.4885505457
 2360.0000000000	 0.5525193269
 2361.0000000000	 0.6267382575
 2362.0000000000	 0.7024711262
 2363.0000000000	 0.7728930935
 2364.0000000000	 0.8343496400
 2365.0000000000	 0.8857410360
 2366.0000000000	 0.9274586865
 2367.0000000000	 0.9605434046
 2368.0000000000	 0.9861490309
 2369.0000000000	 1.0052359724
 2370.0000000000	 1.0184429578
 2371.0000000000	 1.0261219714
 2372.0000000000	 1.0284876874
 2373.0000000000	 1.0258021894
 2374.0000000000	 1.0185138468
 2375.0000000000	 1.0073203588
 2376.0000000000	 0.9931879944
 2377.0000000000	 0.9773805059
 2378.0000000000	 0.9615351245
 2379.0000000000	 0.9477863370
 2380.0000000000	 0.9388367911
 2381.0000000000	 0.9377637224
 2382.0000000000	 0.9473173479
 2383.0000000000	 0.9688058873
 2384.0000000000	 1.0010209438
 2385.0000000000	 1.0396496917
 2386.0000000000	 1.0779082371
 2387.0000000000	 1.1089194392
 2388.0000000000	 1.1284378068
 2389.0000000000	 1.1356980017
 2390.0000000000	 1.1323708504
 2391.0000000000	 1.1211510096
 2392.0000000000	 1.1048672092
 2393.0000000000	 1.0861396121
 2394.0000000000	 1.0672861857
 2395.0000000000	 1.0503156371
 2396.0000000000	 1.0369146599
 2397.0000000000	 1.0283826703
 2398.0000000000	 1.0255520916
 2399.0000000000	 1.0286690760
 2400.0000000000	 1.0372903582
 2401.0000000000	 1.0502525001
 2402.0000000000	 1.0657335495
 2403.0000000000	 1.0813576722
 2404.0000000000	 1.0942101666
 2405.0000000000	 1.1007362477
 2406.0000000000	 1.0969696331
 2407.0000000000	 1.0799182917
 2408.0000000000	 1.0496915458
 2409.0000000000	 1.0099287526
 2410.0000000000	 0.9657959015
 2411.0000000000	 0.9219327195
 2412.0000000000	 0.8817616055
 2413.0000000000	 0.8476164758
 2414.0000000000	 0.8209911532
 2415.0000000000	 0.8026473462
 2416.0000000000	 0.7925941906
 2417.0000000000	 0.7900478445
 2418.0000000000	 0.7934772567
 2419.0000000000	 0.8007864559
 2420.0000000000	 0.8095833023
 2421.0000000000	 0.8174655102
 2422.0000000000	 0.8222978934
 2423.0000000000	 0.8224895434
 2424.0000000000	 0.8172524036
 2425.0000000000	 0.8067672895
 2426.0000000000	 0.7922033906
 2427.0000000000	 0.7756618336
 2428.0000000000	 0.7601589647
 2429.0000000000	 0.7496243204
 2430.0000000000	 0.7485731262
 2431.0000000000	 0.7609629665
 2432.0000000000	 0.7883052907
 2433.0000000000	 0.8283876978
 2434.0000000000	 0.8761600630
 2435.0000000000	 0.9261825009
 2436.0000000000	 0.9745235516
 2437.0000000000	 1.0191946996
 2438.0000000000	 1.0596687160
 2439.0000000000	 1.0961960724
 2440.0000000000	 1.1292609280
 2441.0000000000	 1.1592654645
 2442.0000000000	 1.1864381513
 2443.0000000000	 1.2109127703
 2444.0000000000	 1.2328759170
 2445.0000000000	 1.2526527716
 2446.0000000000	 1.2706422692
 2447.0000000000	 1.2871290752
 2448.0000000000	 1.3021202981
 2449.0000000000	 1.3153624278
 2450.0000000000	 1.3265774784
 2451.0000000000	 1.3358070304
 2452.0000000000	 1.3436610426
 2453.0000000000	 1.3512178377
 2454.0000000000	 1.3593249504
 2455.0000000000	 1.3673133504
 2456.0000000000	 1.3718954120
 2457.0000000000	 1.3677453132
 2458.0000000000	 1.3501940025
 2459.0000000000	 1.3177455802
 2460.0000000000	 1.2721362256
 2461.0000000000	 1.2167143913
 2462.0000000000	 1.1549807197
 2463.0000000000	 1.0899072379
 2464.0000000000	 1.0237959602
 2465.0000000000	 0.9583401591
 2466.0000000000	 0.8947213803
 2467.0000000000	 0.8337081773
 2468.0000000000	 0.7757482514
 2469.0000000000	 0.7210640759
 2470.0000000000	 0.6697443989
 2471.0000000000	 0.6218114800
 2472.0000000000	 0.5772525133
 2473.0000000000	 0.5360161319
 2474.0000000000	 0.4979877566
 2475.0000000000	 0.4629680144
 2476.0000000000	 0.4306861740
 2477.0000000000	 0.4008837911
 2478.0000000000	 0.3734599490
 2479.0000000000	 0.3486050634
 2480.0000000000	 0.3268627715
 2481.0000000000	 0.3091769936
 2482.0000000000	 0.2970382864
 2483.0000000000	 0.2927733956
 2484.0000000000	 0.2998633613
 2485.0000000000	 0.3228445335
 2486.0000000000	 0.3659047328
 2487.0000000000	 0.4297455855
 2488.0000000000	 0.5089751547
 2489.0000000000	 0.5937314720
 2490.0000000000	 0.6744618680
 2491.0000000000	 0.7450574899
 2492.0000000000	 0.8029220906
 2493.0000000000	 0.8477414330
 2494.0000000000	 0.8803610125
 2495.0000000000	 0.9021023126
 2496.0000000000	 0.9144091566
 2497.0000000000	 0.9186777457
 2498.0000000000	 0.9161777989
 2499.0000000000	 0.9080295473
 2500.0000000000	 0.8952208667
 2501.0000000000	 0.8786574300
 2502.0000000000	 0.8592302139
 2503.0000000000	 0.8378884960
 2504.0000000000	 0.8157193011
 2505.0000000000	 0.7940665390
 2506.0000000000	 0.7746961416
 2507.0000000000	 0.7599797203
 2508.0000000000	 0.7529303224
 2509.0000000000	 0.7567858733
 2510.0000000000	 0.7740017356
 2511.0000000000	 0.8051069363
 2512.0000000000	 0.8480496441
 2513.0000000000	 0.8982074494
 2514.0000000000	 0.9493473184
 2515.0000000000	 0.9957460232
 2516.0000000000	 1.0341989699
 2517.0000000000	 1.0644032600
 2518.0000000000	 1.0879764692
 2519.0000000000	 1.1072594703
 2520.0000000000	 1.1245162262
 2521.0000000000	 1.1415366938
 2522.0000000000	 1.1594747665
 2523.0000000000	 1.1788076578
 2524.0000000000	 1.1993766969
 2525.0000000000	 1.2205130428
 2526.0000000000	 1.2412502304
 2527.0000000000	 1.2605919979
 2528.0000000000	 1.2777820959
 2529.0000000000	 1.2925244591
 2530.0000000000	 1.3051079099
 2531.0000000000	 1.3163584886
 2532.0000000000	 1.3272775635
 2533.0000000000	 1.3382192492
 2534.0000000000	 1.3476574356
 2535.0000000000	 1.3512926530
 2536.0000000000	 1.3433423080
 2537.0000000000	 1.3204090865
 2538.0000000000	 1.2837740833
 2539.0000000000	 1.2375744792
 2540.0000000000	 1.1860105773
 2541.0000000000	 1.1320700417
 2542.0000000000	 1.0774637822
 2543.0000000000	 1.0229798775
 2544.0000000000	 0.9688826326
 2545.0000000000	 0.9152443603
 2546.0000000000	 0.8621743938
 2547.0000000000	 0.8099294186
 2548.0000000000	 0.7589108369
 2549.0000000000	 0.7095917426
 2550.0000000000	 0.6624233443
 2551.0000000000	 0.6177597778
 2552.0000000000	 0.5758107492
 2553.0000000000	 0.5366262086
 2554.0000000000	 0.5001113990
 2555.0000000000	 0.4660915693
 2556.0000000000	 0.4344413052
 2557.0000000000	 0.4052551490
 2558.0000000000	 0.3789868521
 2559.0000000000	 0.3564961778
 2560.0000000000	 0.3390496183
 2561.0000000000	 0.3283722781
 2562.0000000000	 0.3267368502
 2563.0000000000	 0.3369294058
 2564.0000000000	 0.3618611504
 2565.0000000000	 0.4036122063
 2566.0000000000	 0.4620233868
 2567.0000000000	 0.5336276645
 2568.0000000000	 0.6120419813
 2569.0000000000	 0.6899456158
 2570.0000000000	 0.7612808321
 2571.0000000000	 0.8223247085
 2572.0000000000	 0.8715442197
 2573.0000000000	 0.9089123715
 2574.0000000000	 0.9352361214
 2575.0000000000	 0.9516909605
 2576.0000000000	 0.9595461163
 2577.0000000000	 0.9600234696
 2578.0000000000	 0.9542449515
 2579.0000000000	 0.9432427128
 2580.0000000000	 0.9280117798
 2581.0000000000	 0.9095828408
 2582.0000000000	 0.8890933674
 2583.0000000000	 0.8678578963
 2584.0000000000	 0.8474449501
 2585.0000000000	 0.8297601706
 2586.0000000000	 0.8170805290
 2587.0000000000	 0.8119574719
 2588.0000000000	 0.8168918835
 2589.0000000000	 0.8337564287
 2590.0000000000	 0.8630625843
 2591.0000000000	 0.9032114860
 2592.0000000000	 0.9499234602
 2593.0000000000	 0.9966665136
 2594.0000000000	 1.0369172138
 2595.0000000000	 1.0669257421
 2596.0000000000	 1.0865440307
 2597.0000000000	 1.0980341518
 2598.0000000000	 1.1045268207
 2599.0000000000	 1.1090438249
 2600.0000000000	 1.1140804789
 2601.0000000000	 1.1214599338
 2602.0000000000	 1.1322779009
 2603.0000000000	 1.1468734745
 2604.0000000000	 1.1648591894
 2605.0000000000	 1.1852587770
 2606.0000000000	 1.2067733567
 2607.0000000000	 1.2281208178
 2608.0000000000	 1.2483371662
 2609.0000000000	 1.2669248187
 2610.0000000000	 1.2837481132
 2611.0000000000	 1.2985899620
 2612.0000000000	 1.3103282870
 2613.0000000000	 1.3159879802
 2614.0000000000	 1.3107996868
 2615.0000000000	 1.2907937668
 2616.0000000000	 1.2562566996
 2617.0000000000	 1.2115934060
 2618.0000000000	 1.1621944154
 2619.0000000000	 1.1122152126
 2620.0000000000	 1.0641008758
 2621.0000000000	 1.0188607333
 2622.0000000000	 0.9764629044
 2623.0000000000	 0.9362006151
 2624.0000000000	 0.8970390502
 2625.0000000000	 0.8579497124
 2626.0000000000	 0.8181973494
 2627.0000000000	 0.7775100763
 2628.0000000000	 0.7360827365
 2629.0000000000	 0.6944327131
 2630.0000000000	 0.6531989136
 2631.0000000000	 0.6129744237
 2632.0000000000	 0.5742177915
 2633.0000000000	 0.5372531527
 2634.0000000000	 0.5023476893
 2635.0000000000	 0.4698560276
 2636.0000000000	 0.4404005409
 2637.0000000000	 0.4150312094
 2638.0000000000	 0.3953097019
 2639.0000000000	 0.3833130042
 2640.0000000000	 0.3815085540
 2641.0000000000	 0.3923558765
 2642.0000000000	 0.4175719979
 2643.0000000000	 0.4573509811
 2644.0000000000	 0.5100528307
 2645.0000000000	 0.5725645579
 2646.0000000000	 0.6410043992
 2647.0000000000	 0.7113328865
 2648.0000000000	 0.7797314851
 2649.0000000000	 0.8428805652
 2650.0000000000	 0.8982261904
 2651.0000000000	 0.9441628990
 2652.0000000000	 0.9800298518
 2653.0000000000	 1.0059298892
 2654.0000000000	 1.0224748025
 2655.0000000000	 1.0305552170
 2656.0000000000	 1.0311819936
 2657.0000000000	 1.0254070530
 2658.0000000000	 1.0143140516
 2659.0000000000	 0.9990618653
 2660.0000000000	 0.9809581097
 2661.0000000000	 0.9615372440
 2662.0000000000	 0.9426277520
 2663.0000000000	 0.9263625848
 2664.0000000000	 0.9150787741
 2665.0000000000	 0.9110759168
 2666.0000000000	 0.9162691697
 2667.0000000000	 0.9318375901
 2668.0000000000	 0.9578701608
 2669.0000000000	 0.9928573633
 2670.0000000000	 1.0329585584
 2671.0000000000	 1.0717359862
 2672.0000000000	 1.1018040794
 2673.0000000000	 1.1181918944
 2674.0000000000	 1.1203500852
 2675.0000000000	 1.1111585884
 2676.0000000000	 1.0948012595
 2677.0000000000	 1.0753148612
 2678.0000000000	 1.0560654247
 2679.0000000000	 1.0396933027
 2680.0000000000	 1.0281806774
 2681.0000000000	 1.0228778528
 2682.0000000000	 1.0244559223
 2683.0000000000	 1.0328054634
 2684.0000000000	 1.0470017455
 2685.0000000000	 1.0654306578
 2686.0000000000	 1.0860713279
 2687.0000000000	 1.1067832541
 2688.0000000000	 1.1253875243
 2689.0000000000	 1.1394437155
 2690.0000000000	 1.1459116049
 2691.0000000000	 1.1412635055
 2692.0000000000	 1.1228097733
 2693.0000000000	 1.0908552269
 2694.0000000000	 1.0493738527
 2695.0000000000	 1.0041197149
 2696.0000000000	 0.9603642271
 2697.0000000000	 0.9219826308
 2698.0000000000	 0.8914460770
 2699.0000000000	 0.8699546556
 2700.0000000000	 0.8574890034
 2701.0000000000	 0.8528874657
 2702.0000000000	 0.8540677269
 2703.0000000000	 0.8583796454
 2704.0000000000	 0.8629858279
 2705.0000000000	 0.8652041216
 2706.0000000000	 0.8628330254
 2707.0000000000	 0.8544652469
 2708.0000000000	 0.8397143154
 2709.0000000000	 0.8191805800
 2710.0000000000	 0.7942304844
 2711.0000000000	 0.7667241083
 2712.0000000000	 0.7388889617
 2713.0000000000	 0.7133996119
 2714.0000000000	 0.6935786052
 2715.0000000000	 0.6834265503
 2716.0000000000	 0.6869701808
 2717.0000000000	 0.7066111231
 2718.0000000000	 0.7413670859
 2719.0000000000	 0.7868926719
 2720.0000000000	 0.8376041882
 2721.0000000000	 0.8888932062
 2722.0000000000	 0.9379304320
 2723.0000000000	 0.9833439027
 2724.0000000000	 1.0246012651
 2725.0000000000	 1.0615893512
 2726.0000000000	 1.0944804962
 2727.0000000000	 1.1237647926
 2728.0000000000	 1.1502567541
 2729.0000000000	 1.1749203802
 2730.0000000000	 1.1985064313
 2731.0000000000	 1.2211827958
 2732.0000000000	 1.2424086798
 2733.0000000000	 1.2611718803
 2734.0000000000	 1.2764535393
 2735.0000000000	 1.2876870778
 2736.0000000000	 1.2950609275
 2737.0000000000	 1.2996404241
 2738.0000000000	 1.3032839655
 2739.0000000000	 1.3082186937
 2740.0000000000	 1.3161311982
 2741.0000000000	 1.3269312732
 2742.0000000000	 1.3378501676
 2743.0000000000	 1.3437966168
 2744.0000000000	 1.3393211439
 2745.0000000000	 1.3210326038
 2746.0000000000	 1.2886742264
 2747.0000000000	 1.2444485074
 2748.0000000000	 1.1916232199
 2749.0000000000	 1.1334111122
 2750.0000000000	 1.0724061257
 2751.0000000000	 1.0104590089
 2752.0000000000	 0.9488104289
 2753.0000000000	 0.8883222680
 2754.0000000000	 0.8296779907
 2755.0000000000	 0.7734827587
 2756.0000000000	 0.7202673813
 2757.0000000000	 0.6704491957
 2758.0000000000	 0.6242941163
 2759.0000000000	 0.5818833080
 2760.0000000000	 0.5430863630
 2761.0000000000	 0.5075505374
 2762.0000000000	 0.4747539870
 2763.0000000000	 0.4441688437
 2764.0000000000	 0.4154903179
 2765.0000000000	 0.3887960002
 2766.0000000000	 0.3645569408
 2767.0000000000	 0.3435842767
 2768.0000000000	 0.3270536643
 2769.0000000000	 0.3166746924
 2770.0000000000	 0.3149556838
 2771.0000000000	 0.3253759505
 2772.0000000000	 0.3520210381
 2773.0000000000	 0.3980392476
 2774.0000000000	 0.4629988439
 2775.0000000000	 0.5412313303
 2776.0000000000	 0.6236099993
 2777.0000000000	 0.7015162675
 2778.0000000000	 0.7694148811
 2779.0000000000	 0.8249595097
 2780.0000000000	 0.8679434244
 2781.0000000000	 0.8992710706
 2782.0000000000	 0.9202916866
 2783.0000000000	 0.9324311423
 2784.0000000000	 0.9370100265
 2785.0000000000	 0.9351720633
 2786.0000000000	 0.9278932657
 2787.0000000000	 0.9160455189
 2788.0000000000	 0.9004762636
 2789.0000000000	 0.8820779092
 2790.0000000000	 0.8618473397
 2791.0000000000	 0.8409592271
 2792.0000000000	 0.8208742244
 2793.0000000000	 0.8034851851
 2794.0000000000	 0.7912399249
 2795.0000000000	 0.7870740831
 2796.0000000000	 0.7939293876
 2797.0000000000	 0.8138164305
 2798.0000000000	 0.8468125239
 2799.0000000000	 0.8903863968
 2800.0000000000	 0.9393761473
 2801.0000000000	 0.9872315948
 2802.0000000000	 1.0284863624
 2803.0000000000	 1.0606481481
 2804.0000000000	 1.0841392141
 2805.0000000000	 1.1010522815
 2806.0000000000	 1.1139705409
 2807.0000000000	 1.1252898937
 2808.0000000000	 1.1369242803
 2809.0000000000	 1.1501902860
 2810.0000000000	 1.1657573857
 2811.0000000000	 1.1836472881
 2812.0000000000	 1.2033089627
 2813.0000000000	 1.2237935985
 2814.0000000000	 1.2440132695
 2815.0000000000	 1.2630290745
 2816.0000000000	 1.2802935927
 2817.0000000000	 1.2957662558
 2818.0000000000	 1.3097950277
 2819.0000000000	 1.3226232084
 2820.0000000000	 1.3334339068
 2821.0000000000	 1.3392391491
 2822.0000000000	 1.3349343854
 2823.0000000000	 1.3161174364
 2824.0000000000	 1.2826093286
 2825.0000000000	 1.2382484969
 2826.0000000000	 1.1879042836
 2827.0000000000	 1.1354038592
 2828.0000000000	 1.0830745175
 2829.0000000000	 1.0320006831
 2830.0000000000	 0.9824162556
 2831.0000000000	 0.9340666159
 2832.0000000000	 0.8865207078
 2833.0000000000	 0.8394214197
 2834.0000000000	 0.7926444215
 2835.0000000000	 0.7463413981
 2836.0000000000	 0.7008757849
 2837.0000000000	 0.6567031584
 2838.0000000000	 0.6142522957
 2839.0000000000	 0.5738435222
 2840.0000000000	 0.5356564250
 2841.0000000000	 0.4997524950
 2842.0000000000	 0.4661597012
 2843.0000000000	 0.4350177843
 2844.0000000000	 0.4067453791
 2845.0000000000	 0.3821619953
 2846.0000000000	 0.3625416796
 2847.0000000000	 0.3496430914
 2848.0000000000	 0.3457318749
 2849.0000000000	 0.3534593418
 2850.0000000000	 0.3753929957
 2851.0000000000	 0.4131491782
 2852.0000000000	 0.4664112190
 2853.0000000000	 0.5323957416
 2854.0000000000	 0.6062093511
 2855.0000000000	 0.6819868822
 2856.0000000000	 0.7542391990
 2857.0000000000	 0.8188216111
 2858.0000000000	 0.8732685133
 2859.0000000000	 0.9166069479
 2860.0000000000	 0.9489307638
 2861.0000000000	 0.9709696739
 2862.0000000000	 0.9837621348
 2863.0000000000	 0.9884461547
 2864.0000000000	 0.9861473356
 2865.0000000000	 0.9779410728
 2866.0000000000	 0.9648724372
 2867.0000000000	 0.9480140892
 2868.0000000000	 0.9285406776
 2869.0000000000	 0.9078059746
 2870.0000000000	 0.8874198127
 2871.0000000000	 0.8693122283
 2872.0000000000	 0.8557357830
 2873.0000000000	 0.8491394906
 2874.0000000000	 0.8518643154
 2875.0000000000	 0.8656875940
 2876.0000000000	 0.8912812131
 2877.0000000000	 0.9275890023
 2878.0000000000	 0.9711081209
 2879.0000000000	 1.0156910390
 2880.0000000000	 1.0541699691
 2881.0000000000	 1.0815014979
 2882.0000000000	 1.0966212678
 2883.0000000000	 1.1016623035
 2884.0000000000	 1.1001278704
 2885.0000000000	 1.0955838156
 2886.0000000000	 1.0910838655
 2887.0000000000	 1.0890083516
 2888.0000000000	 1.0910343914
 2889.0000000000	 1.0981038668
 2890.0000000000	 1.1103822969
 2891.0000000000	 1.1272712350
 2892.0000000000	 1.1475506607
 2893.0000000000	 1.1696720785
 2894.0000000000	 1.1921159061
 2895.0000000000	 1.2136547050
 2896.0000000000	 1.2333595755
 2897.0000000000	 1.2502492932
 2898.0000000000	 1.2625988703
 2899.0000000000	 1.2672325304
 2900.0000000000	 1.2598208084
 2901.0000000000	 1.2373219289
 2902.0000000000	 1.2009199151
 2903.0000000000	 1.1556250133
 2904.0000000000	 1.1072195328
 2905.0000000000	 1.0601489114
 2906.0000000000	 1.0170997008
 2907.0000000000	 0.9792508303
 2908.0000000000	 0.9465921037
 2909.0000000000	 0.9182061549
 2910.0000000000	 0.8925556571
 2911.0000000000	 0.8678096591
 2912.0000000000	 0.8422071197
 2913.0000000000	 0.8144114981
 2914.0000000000	 0.7837639387
 2915.0000000000	 0.7503297038
 2916.0000000000	 0.7147293238
 2917.0000000000	 0.6778591532
 2918.0000000000	 0.6406484024
 2919.0000000000	 0.6039423720
 2920.0000000000	 0.5685273692
 2921.0000000000	 0.5352704066
 2922.0000000000	 0.5053315095
 2923.0000000000	 0.4803814554
 2924.0000000000	 0.4627230175
 2925.0000000000	 0.4551908512
 2926.0000000000	 0.4606324172
 2927.0000000000	 0.4808983640
 2928.0000000000	 0.5157852294
 2929.0000000000	 0.5628147653
 2930.0000000000	 0.6181705335
 2931.0000000000	 0.6780082894
 2932.0000000000	 0.7392800461
 2933.0000000000	 0.7998717136
 2934.0000000000	 0.8583195344
 2935.0000000000	 0.9134133113
 2936.0000000000	 0.9639080345
 2937.0000000000	 1.0084804521
 2938.0000000000	 1.0459184972
 2939.0000000000	 1.0753769154
 2940.0000000000	 1.0965204863
 2941.0000000000	 1.1095070858
 2942.0000000000	 1.1148789925
 2943.0000000000	 1.1134532388
 2944.0000000000	 1.1062649138
 2945.0000000000	 1.0945788979
 2946.0000000000	 1.0799512232
 2947.0000000000	 1.0642999208
 2948.0000000000	 1.0499199433
 2949.0000000000	 1.0393500590
 2950.0000000000	 1.0350374048
 2951.0000000000	 1.0388749808
 2952.0000000000	 1.0517877985
 2953.0000000000	 1.0734363062
 2954.0000000000	 1.1019149220
 2955.0000000000	 1.1333796488
 2956.0000000000	 1.1619725419
 2957.0000000000	 1.1808713446
 2958.0000000000	 1.1847287534
 2959.0000000000	 1.1719416353
 2960.0000000000	 1.1447749927
 2961.0000000000	 1.1075724875
 2962.0000000000	 1.0648971771
 2963.0000000000	 1.0205925407
 2964.0000000000	 0.9776033366
 2965.0000000000	 0.9381272804
 2966.0000000000	 0.9038068378
 2967.0000000000	 0.8758523735
 2968.0000000000	 0.8550419434
 2969.0000000000	 0.8416008354
 2970.0000000000	 0.8349992711
 2971.0000000000	 0.8337788474
 2972.0000000000	 0.8355592986
 2973.0000000000	 0.8372798190
 2974.0000000000	 0.8356318219
 2975.0000000000	 0.8276321534
 2976.0000000000	 0.8113801337
 2977.0000000000	 0.7867860678
 2978.0000000000	 0.7557537737
 2979.0000000000	 0.7215731052
 2980.0000000000	 0.6879927156
 2981.0000000000	 0.6586550460
 2982.0000000000	 0.6370257413
 2983.0000000000	 0.6264467912
 2984.0000000000	 0.6298386133
 2985.0000000000	 0.6488404522
 2986.0000000000	 0.6827782483
 2987.0000000000	 0.7284180723
 2988.0000000000	 0.7810142614
 2989.0000000000	 0.8359311055
 2990.0000000000	 0.8897424230
 2991.0000000000	 0.9404589807
 2992.0000000000	 0.9872063473
 2993.0000000000	 1.0297673546
 2994.0000000000	 1.0682425118
 2995.0000000000	 1.1029166759
 2996.0000000000	 1.1342710871
 2997.0000000000	 1.1629467767
 2998.0000000000	 1.1894587540
 2999.0000000000	 1.2137129731
 3000.0000000000	 1.2347758352

